
      0    624    585      1
    1 -0.5000000E+01 -0.9666666E+01 -0.4687500E+01 -0.1000000E+01  0.0000000E+00  0.0000000E+00  0.4166669E+00
    1 -0.5000000E+01 -0.9666666E+01 -0.4062500E+01 -0.1000000E+01  0.0000000E+00  0.0000000E+00  0.4166669E+00
    1 -0.5000000E+01 -0.9666666E+01 -0.3437500E+01 -0.1000000E+01  0.0000000E+00  0.0000000E+00  0.4166669E+00
    1 -0.5000000E+01 -0.9666666E+01 -0.2812500E+01 -0.1000000E+01  0.0000000E+00  0.0000000E+00  0.4166669E+00
    1 -0.5000000E+01 -0.9666666E+01 -0.2187500E+01 -0.1000000E+01  0.0000000E+00  0.0000000E+00  0.4166669E+00
    1 -0.5000000E+01 -0.9666666E+01 -0.1562500E+01 -0.1000000E+01  0.0000000E+00  0.0000000E+00  0.4166669E+00
    1 -0.5000000E+01 -0.9666666E+01 -0.9375000E+00 -0.1000000E+01  0.0000000E+00  0.0000000E+00  0.4166669E+00
    1 -0.5000000E+01 -0.9666666E+01 -0.3125000E+00 -0.1000000E+01  0.0000000E+00  0.0000000E+00  0.4166669E+00
    1 -0.5000000E+01 -0.9000000E+01 -0.4687500E+01 -0.1000000E+01  0.0000000E+00  0.0000000E+00  0.4166663E+00
    1 -0.5000000E+01 -0.9000000E+01 -0.4062500E+01 -0.1000000E+01  0.0000000E+00  0.0000000E+00  0.4166663E+00
    1 -0.5000000E+01 -0.9000000E+01 -0.3437500E+01 -0.1000000E+01  0.0000000E+00  0.0000000E+00  0.4166663E+00
    1 -0.5000000E+01 -0.9000000E+01 -0.2812500E+01 -0.1000000E+01  0.0000000E+00  0.0000000E+00  0.4166663E+00
    1 -0.5000000E+01 -0.9000000E+01 -0.2187500E+01 -0.1000000E+01  0.0000000E+00  0.0000000E+00  0.4166663E+00
    1 -0.5000000E+01 -0.9000000E+01 -0.1562500E+01 -0.1000000E+01  0.0000000E+00  0.0000000E+00  0.4166663E+00
    1 -0.5000000E+01 -0.9000000E+01 -0.9375000E+00 -0.1000000E+01  0.0000000E+00  0.0000000E+00  0.4166663E+00
    1 -0.5000000E+01 -0.9000000E+01 -0.3125000E+00 -0.1000000E+01  0.0000000E+00  0.0000000E+00  0.4166663E+00
    1 -0.5000000E+01 -0.8333334E+01 -0.4687500E+01 -0.1000000E+01  0.0000000E+00  0.0000000E+00  0.4166669E+00
    1 -0.5000000E+01 -0.8333334E+01 -0.4062500E+01 -0.1000000E+01  0.0000000E+00  0.0000000E+00  0.4166669E+00
    1 -0.5000000E+01 -0.8333334E+01 -0.3437500E+01 -0.1000000E+01  0.0000000E+00  0.0000000E+00  0.4166669E+00
    1 -0.5000000E+01 -0.8333334E+01 -0.2812500E+01 -0.1000000E+01  0.0000000E+00  0.0000000E+00  0.4166669E+00
    1 -0.5000000E+01 -0.8333334E+01 -0.2187500E+01 -0.1000000E+01  0.0000000E+00  0.0000000E+00  0.4166669E+00
    1 -0.5000000E+01 -0.8333334E+01 -0.1562500E+01 -0.1000000E+01  0.0000000E+00  0.0000000E+00  0.4166669E+00
    1 -0.5000000E+01 -0.8333334E+01 -0.9375000E+00 -0.1000000E+01  0.0000000E+00  0.0000000E+00  0.4166669E+00
    1 -0.5000000E+01 -0.8333334E+01 -0.3125000E+00 -0.1000000E+01  0.0000000E+00  0.0000000E+00  0.4166669E+00
    1 -0.5000000E+01 -0.7666666E+01 -0.4687500E+01 -0.1000000E+01  0.0000000E+00  0.0000000E+00  0.4166669E+00
    1 -0.5000000E+01 -0.7666666E+01 -0.4062500E+01 -0.1000000E+01  0.0000000E+00  0.0000000E+00  0.4166669E+00
    1 -0.5000000E+01 -0.7666666E+01 -0.3437500E+01 -0.1000000E+01  0.0000000E+00  0.0000000E+00  0.4166669E+00
    1 -0.5000000E+01 -0.7666666E+01 -0.2812500E+01 -0.1000000E+01  0.0000000E+00  0.0000000E+00  0.4166669E+00
    1 -0.5000000E+01 -0.7666666E+01 -0.2187500E+01 -0.1000000E+01  0.0000000E+00  0.0000000E+00  0.4166669E+00
    1 -0.5000000E+01 -0.7666666E+01 -0.1562500E+01 -0.1000000E+01  0.0000000E+00  0.0000000E+00  0.4166669E+00
    1 -0.5000000E+01 -0.7666666E+01 -0.9375000E+00 -0.1000000E+01  0.0000000E+00  0.0000000E+00  0.4166669E+00
    1 -0.5000000E+01 -0.7666666E+01 -0.3125000E+00 -0.1000000E+01  0.0000000E+00  0.0000000E+00  0.4166669E+00
    1 -0.5000000E+01 -0.7000000E+01 -0.4687500E+01 -0.1000000E+01  0.0000000E+00  0.0000000E+00  0.4166663E+00
    1 -0.5000000E+01 -0.7000000E+01 -0.4062500E+01 -0.1000000E+01  0.0000000E+00  0.0000000E+00  0.4166663E+00
    1 -0.5000000E+01 -0.7000000E+01 -0.3437500E+01 -0.1000000E+01  0.0000000E+00  0.0000000E+00  0.4166663E+00
    1 -0.5000000E+01 -0.7000000E+01 -0.2812500E+01 -0.1000000E+01  0.0000000E+00  0.0000000E+00  0.4166663E+00
    1 -0.5000000E+01 -0.7000000E+01 -0.2187500E+01 -0.1000000E+01  0.0000000E+00  0.0000000E+00  0.4166663E+00
    1 -0.5000000E+01 -0.7000000E+01 -0.1562500E+01 -0.1000000E+01  0.0000000E+00  0.0000000E+00  0.4166663E+00
    1 -0.5000000E+01 -0.7000000E+01 -0.9375000E+00 -0.1000000E+01  0.0000000E+00  0.0000000E+00  0.4166663E+00
    1 -0.5000000E+01 -0.7000000E+01 -0.3125000E+00 -0.1000000E+01  0.0000000E+00  0.0000000E+00  0.4166663E+00
    1 -0.5000000E+01 -0.6333334E+01 -0.4687500E+01 -0.1000000E+01  0.0000000E+00  0.0000000E+00  0.4166669E+00
    1 -0.5000000E+01 -0.6333334E+01 -0.4062500E+01 -0.1000000E+01  0.0000000E+00  0.0000000E+00  0.4166669E+00
    1 -0.5000000E+01 -0.6333334E+01 -0.3437500E+01 -0.1000000E+01  0.0000000E+00  0.0000000E+00  0.4166669E+00
    1 -0.5000000E+01 -0.6333334E+01 -0.2812500E+01 -0.1000000E+01  0.0000000E+00  0.0000000E+00  0.4166669E+00
    1 -0.5000000E+01 -0.6333334E+01 -0.2187500E+01 -0.1000000E+01  0.0000000E+00  0.0000000E+00  0.4166669E+00
    1 -0.5000000E+01 -0.6333334E+01 -0.1562500E+01 -0.1000000E+01  0.0000000E+00  0.0000000E+00  0.4166669E+00
    1 -0.5000000E+01 -0.6333334E+01 -0.9375000E+00 -0.1000000E+01  0.0000000E+00  0.0000000E+00  0.4166669E+00
    1 -0.5000000E+01 -0.6333334E+01 -0.3125000E+00 -0.1000000E+01  0.0000000E+00  0.0000000E+00  0.4166669E+00
    1 -0.5000000E+01 -0.5666667E+01 -0.4687500E+01 -0.1000000E+01  0.0000000E+00  0.0000000E+00  0.4166666E+00
    1 -0.5000000E+01 -0.5666667E+01 -0.4062500E+01 -0.1000000E+01  0.0000000E+00  0.0000000E+00  0.4166666E+00
    1 -0.5000000E+01 -0.5666667E+01 -0.3437500E+01 -0.1000000E+01  0.0000000E+00  0.0000000E+00  0.4166666E+00
    1 -0.5000000E+01 -0.5666667E+01 -0.2812500E+01 -0.1000000E+01  0.0000000E+00  0.0000000E+00  0.4166666E+00
    1 -0.5000000E+01 -0.5666667E+01 -0.2187500E+01 -0.1000000E+01  0.0000000E+00  0.0000000E+00  0.4166666E+00
    1 -0.5000000E+01 -0.5666667E+01 -0.1562500E+01 -0.1000000E+01  0.0000000E+00  0.0000000E+00  0.4166666E+00
    1 -0.5000000E+01 -0.5666667E+01 -0.9375000E+00 -0.1000000E+01  0.0000000E+00  0.0000000E+00  0.4166666E+00
    1 -0.5000000E+01 -0.5666667E+01 -0.3125000E+00 -0.1000000E+01  0.0000000E+00  0.0000000E+00  0.4166666E+00
    1 -0.5000000E+01 -0.5000000E+01 -0.4687500E+01 -0.1000000E+01  0.0000000E+00  0.0000000E+00  0.4166669E+00
    1 -0.5000000E+01 -0.5000000E+01 -0.4062500E+01 -0.1000000E+01  0.0000000E+00  0.0000000E+00  0.4166669E+00
    1 -0.5000000E+01 -0.5000000E+01 -0.3437500E+01 -0.1000000E+01  0.0000000E+00  0.0000000E+00  0.4166669E+00
    1 -0.5000000E+01 -0.5000000E+01 -0.2812500E+01 -0.1000000E+01  0.0000000E+00  0.0000000E+00  0.4166669E+00
    1 -0.5000000E+01 -0.5000000E+01 -0.2187500E+01 -0.1000000E+01  0.0000000E+00  0.0000000E+00  0.4166669E+00
    1 -0.5000000E+01 -0.5000000E+01 -0.1562500E+01 -0.1000000E+01  0.0000000E+00  0.0000000E+00  0.4166669E+00
    1 -0.5000000E+01 -0.5000000E+01 -0.9375000E+00 -0.1000000E+01  0.0000000E+00  0.0000000E+00  0.4166669E+00
    1 -0.5000000E+01 -0.5000000E+01 -0.3125000E+00 -0.1000000E+01  0.0000000E+00  0.0000000E+00  0.4166669E+00
    1 -0.5000000E+01 -0.4333333E+01 -0.4687500E+01 -0.1000000E+01  0.0000000E+00  0.0000000E+00  0.4166666E+00
    1 -0.5000000E+01 -0.4333333E+01 -0.4062500E+01 -0.1000000E+01  0.0000000E+00  0.0000000E+00  0.4166666E+00
    1 -0.5000000E+01 -0.4333333E+01 -0.3437500E+01 -0.1000000E+01  0.0000000E+00  0.0000000E+00  0.4166666E+00
    1 -0.5000000E+01 -0.4333333E+01 -0.2812500E+01 -0.1000000E+01  0.0000000E+00  0.0000000E+00  0.4166666E+00
    1 -0.5000000E+01 -0.4333333E+01 -0.2187500E+01 -0.1000000E+01  0.0000000E+00  0.0000000E+00  0.4166666E+00
    1 -0.5000000E+01 -0.4333333E+01 -0.1562500E+01 -0.1000000E+01  0.0000000E+00  0.0000000E+00  0.4166666E+00
    1 -0.5000000E+01 -0.4333333E+01 -0.9375000E+00 -0.1000000E+01  0.0000000E+00  0.0000000E+00  0.4166666E+00
    1 -0.5000000E+01 -0.4333333E+01 -0.3125000E+00 -0.1000000E+01  0.0000000E+00  0.0000000E+00  0.4166666E+00
    1 -0.5000000E+01 -0.3666667E+01 -0.4687500E+01 -0.1000000E+01  0.0000000E+00  0.0000000E+00  0.4166666E+00
    1 -0.5000000E+01 -0.3666667E+01 -0.4062500E+01 -0.1000000E+01  0.0000000E+00  0.0000000E+00  0.4166666E+00
    1 -0.5000000E+01 -0.3666667E+01 -0.3437500E+01 -0.1000000E+01  0.0000000E+00  0.0000000E+00  0.4166666E+00
    1 -0.5000000E+01 -0.3666667E+01 -0.2812500E+01 -0.1000000E+01  0.0000000E+00  0.0000000E+00  0.4166666E+00
    1 -0.5000000E+01 -0.3666667E+01 -0.2187500E+01 -0.1000000E+01  0.0000000E+00  0.0000000E+00  0.4166666E+00
    1 -0.5000000E+01 -0.3666667E+01 -0.1562500E+01 -0.1000000E+01  0.0000000E+00  0.0000000E+00  0.4166666E+00
    1 -0.5000000E+01 -0.3666667E+01 -0.9375000E+00 -0.1000000E+01  0.0000000E+00  0.0000000E+00  0.4166666E+00
    1 -0.5000000E+01 -0.3666667E+01 -0.3125000E+00 -0.1000000E+01  0.0000000E+00  0.0000000E+00  0.4166666E+00
    1 -0.5000000E+01 -0.3000000E+01 -0.4687500E+01 -0.1000000E+01  0.0000000E+00  0.0000000E+00  0.4166669E+00
    1 -0.5000000E+01 -0.3000000E+01 -0.4062500E+01 -0.1000000E+01  0.0000000E+00  0.0000000E+00  0.4166669E+00
    1 -0.5000000E+01 -0.3000000E+01 -0.3437500E+01 -0.1000000E+01  0.0000000E+00  0.0000000E+00  0.4166669E+00
    1 -0.5000000E+01 -0.3000000E+01 -0.2812500E+01 -0.1000000E+01  0.0000000E+00  0.0000000E+00  0.4166669E+00
    1 -0.5000000E+01 -0.3000000E+01 -0.2187500E+01 -0.1000000E+01  0.0000000E+00  0.0000000E+00  0.4166669E+00
    1 -0.5000000E+01 -0.3000000E+01 -0.1562500E+01 -0.1000000E+01  0.0000000E+00  0.0000000E+00  0.4166669E+00
    1 -0.5000000E+01 -0.3000000E+01 -0.9375000E+00 -0.1000000E+01  0.0000000E+00  0.0000000E+00  0.4166669E+00
    1 -0.5000000E+01 -0.3000000E+01 -0.3125000E+00 -0.1000000E+01  0.0000000E+00  0.0000000E+00  0.4166669E+00
    1 -0.5000000E+01 -0.2333333E+01 -0.4687500E+01 -0.1000000E+01  0.0000000E+00  0.0000000E+00  0.4166666E+00
    1 -0.5000000E+01 -0.2333333E+01 -0.4062500E+01 -0.1000000E+01  0.0000000E+00  0.0000000E+00  0.4166666E+00
    1 -0.5000000E+01 -0.2333333E+01 -0.3437500E+01 -0.1000000E+01  0.0000000E+00  0.0000000E+00  0.4166666E+00
    1 -0.5000000E+01 -0.2333333E+01 -0.2812500E+01 -0.1000000E+01  0.0000000E+00  0.0000000E+00  0.4166666E+00
    1 -0.5000000E+01 -0.2333333E+01 -0.2187500E+01 -0.1000000E+01  0.0000000E+00  0.0000000E+00  0.4166666E+00
    1 -0.5000000E+01 -0.2333333E+01 -0.1562500E+01 -0.1000000E+01  0.0000000E+00  0.0000000E+00  0.4166666E+00
    1 -0.5000000E+01 -0.2333333E+01 -0.9375000E+00 -0.1000000E+01  0.0000000E+00  0.0000000E+00  0.4166666E+00
    1 -0.5000000E+01 -0.2333333E+01 -0.3125000E+00 -0.1000000E+01  0.0000000E+00  0.0000000E+00  0.4166666E+00
    1 -0.5000000E+01 -0.1666667E+01 -0.4687500E+01 -0.1000000E+01  0.0000000E+00  0.0000000E+00  0.4166669E+00
    1 -0.5000000E+01 -0.1666667E+01 -0.4062500E+01 -0.1000000E+01  0.0000000E+00  0.0000000E+00  0.4166669E+00
    1 -0.5000000E+01 -0.1666667E+01 -0.3437500E+01 -0.1000000E+01  0.0000000E+00  0.0000000E+00  0.4166669E+00
    1 -0.5000000E+01 -0.1666667E+01 -0.2812500E+01 -0.1000000E+01  0.0000000E+00  0.0000000E+00  0.4166669E+00
    1 -0.5000000E+01 -0.1666667E+01 -0.2187500E+01 -0.1000000E+01  0.0000000E+00  0.0000000E+00  0.4166669E+00
    1 -0.5000000E+01 -0.1666667E+01 -0.1562500E+01 -0.1000000E+01  0.0000000E+00  0.0000000E+00  0.4166669E+00
    1 -0.5000000E+01 -0.1666667E+01 -0.9375000E+00 -0.1000000E+01  0.0000000E+00  0.0000000E+00  0.4166669E+00
    1 -0.5000000E+01 -0.1666667E+01 -0.3125000E+00 -0.1000000E+01  0.0000000E+00  0.0000000E+00  0.4166669E+00
    1 -0.5000000E+01 -0.1000000E+01 -0.4687500E+01 -0.1000000E+01  0.0000000E+00  0.0000000E+00  0.4166663E+00
    1 -0.5000000E+01 -0.1000000E+01 -0.4062500E+01 -0.1000000E+01  0.0000000E+00  0.0000000E+00  0.4166663E+00
    1 -0.5000000E+01 -0.1000000E+01 -0.3437500E+01 -0.1000000E+01  0.0000000E+00  0.0000000E+00  0.4166663E+00
    1 -0.5000000E+01 -0.1000000E+01 -0.2812500E+01 -0.1000000E+01  0.0000000E+00  0.0000000E+00  0.4166663E+00
    1 -0.5000000E+01 -0.1000000E+01 -0.2187500E+01 -0.1000000E+01  0.0000000E+00  0.0000000E+00  0.4166663E+00
    1 -0.5000000E+01 -0.1000000E+01 -0.1562500E+01 -0.1000000E+01  0.0000000E+00  0.0000000E+00  0.4166663E+00
    1 -0.5000000E+01 -0.1000000E+01 -0.9375000E+00 -0.1000000E+01  0.0000000E+00  0.0000000E+00  0.4166663E+00
    1 -0.5000000E+01 -0.1000000E+01 -0.3125000E+00 -0.1000000E+01  0.0000000E+00  0.0000000E+00  0.4166663E+00
    1 -0.5000000E+01 -0.3333335E+00 -0.4687500E+01 -0.1000000E+01  0.0000000E+00  0.0000000E+00  0.4166669E+00
    1 -0.5000000E+01 -0.3333335E+00 -0.4062500E+01 -0.1000000E+01  0.0000000E+00  0.0000000E+00  0.4166669E+00
    1 -0.5000000E+01 -0.3333335E+00 -0.3437500E+01 -0.1000000E+01  0.0000000E+00  0.0000000E+00  0.4166669E+00
    1 -0.5000000E+01 -0.3333335E+00 -0.2812500E+01 -0.1000000E+01  0.0000000E+00  0.0000000E+00  0.4166669E+00
    1 -0.5000000E+01 -0.3333335E+00 -0.2187500E+01 -0.1000000E+01  0.0000000E+00  0.0000000E+00  0.4166669E+00
    1 -0.5000000E+01 -0.3333335E+00 -0.1562500E+01 -0.1000000E+01  0.0000000E+00  0.0000000E+00  0.4166669E+00
    1 -0.5000000E+01 -0.3333335E+00 -0.9375000E+00 -0.1000000E+01  0.0000000E+00  0.0000000E+00  0.4166669E+00
    1 -0.5000000E+01 -0.3333335E+00 -0.3125000E+00 -0.1000000E+01  0.0000000E+00  0.0000000E+00  0.4166669E+00
    1 -0.4666667E+01 -0.3333334E+00 -0.5000000E+01  0.0000000E+00  0.0000000E+00 -0.1000000E+01  0.4444444E+00
    1 -0.4000000E+01 -0.3333333E+00 -0.5000000E+01  0.0000000E+00  0.0000000E+00 -0.1000000E+01  0.4444447E+00
    1 -0.3333333E+01 -0.3333333E+00 -0.5000000E+01  0.0000000E+00  0.0000000E+00 -0.1000000E+01  0.4444444E+00
    1 -0.2666667E+01 -0.3333333E+00 -0.5000000E+01  0.0000000E+00  0.0000000E+00 -0.1000000E+01  0.4444445E+00
    1 -0.2000000E+01 -0.3333333E+00 -0.5000000E+01  0.0000000E+00  0.0000000E+00 -0.1000000E+01  0.4444444E+00
    1 -0.1333333E+01 -0.3333333E+00 -0.5000000E+01  0.0000000E+00  0.0000000E+00 -0.1000000E+01  0.4444445E+00
    1 -0.6666667E+00 -0.3333333E+00 -0.5000000E+01  0.0000000E+00  0.0000000E+00 -0.1000000E+01  0.4444444E+00
    1  0.0000000E+00 -0.3333333E+00 -0.5000000E+01  0.0000000E+00  0.0000000E+00 -0.1000000E+01  0.4444447E+00
    1  0.6666667E+00 -0.3333333E+00 -0.5000000E+01  0.0000000E+00  0.0000000E+00 -0.1000000E+01  0.4444444E+00
    1  0.1333333E+01 -0.3333333E+00 -0.5000000E+01  0.0000000E+00  0.0000000E+00 -0.1000000E+01  0.4444444E+00
    1  0.2000000E+01 -0.3333333E+00 -0.5000000E+01  0.0000000E+00  0.0000000E+00 -0.1000000E+01  0.4444447E+00
    1  0.2666667E+01 -0.3333333E+00 -0.5000000E+01  0.0000000E+00  0.0000000E+00 -0.1000000E+01  0.4444444E+00
    1  0.3333333E+01 -0.3333333E+00 -0.5000000E+01  0.0000000E+00  0.0000000E+00 -0.1000000E+01  0.4444447E+00
    1  0.4000000E+01 -0.3333333E+00 -0.5000000E+01  0.0000000E+00  0.0000000E+00 -0.1000000E+01  0.4444440E+00
    1  0.4666667E+01 -0.3333333E+00 -0.5000000E+01  0.0000000E+00  0.0000000E+00 -0.1000000E+01  0.4444447E+00
    1 -0.4666667E+01 -0.1000000E+01 -0.5000000E+01  0.0000000E+00  0.0000000E+00 -0.1000000E+01  0.4444441E+00
    1 -0.4000000E+01 -0.1000000E+01 -0.5000000E+01  0.0000000E+00  0.0000000E+00 -0.1000000E+01  0.4444447E+00
    1 -0.3333333E+01 -0.1000000E+01 -0.5000000E+01  0.0000000E+00  0.0000000E+00 -0.1000000E+01  0.4444444E+00
    1 -0.2666667E+01 -0.1000000E+01 -0.5000000E+01  0.0000000E+00  0.0000000E+00 -0.1000000E+01  0.4444445E+00
    1 -0.2000000E+01 -0.1000000E+01 -0.5000000E+01  0.0000000E+00  0.0000000E+00 -0.1000000E+01  0.4444444E+00
    1 -0.1333333E+01 -0.1000000E+01 -0.5000000E+01  0.0000000E+00  0.0000000E+00 -0.1000000E+01  0.4444445E+00
    1 -0.6666667E+00 -0.1000000E+01 -0.5000000E+01  0.0000000E+00  0.0000000E+00 -0.1000000E+01  0.4444444E+00
    1  0.0000000E+00 -0.1000000E+01 -0.5000000E+01  0.0000000E+00  0.0000000E+00 -0.1000000E+01  0.4444447E+00
    1  0.6666667E+00 -0.1000000E+01 -0.5000000E+01  0.0000000E+00  0.0000000E+00 -0.1000000E+01  0.4444444E+00
    1  0.1333333E+01 -0.1000000E+01 -0.5000000E+01  0.0000000E+00  0.0000000E+00 -0.1000000E+01  0.4444444E+00
    1  0.2000000E+01 -0.1000000E+01 -0.5000000E+01  0.0000000E+00  0.0000000E+00 -0.1000000E+01  0.4444447E+00
    1  0.2666667E+01 -0.1000000E+01 -0.5000000E+01  0.0000000E+00  0.0000000E+00 -0.1000000E+01  0.4444444E+00
    1  0.3333333E+01 -0.1000000E+01 -0.5000000E+01  0.0000000E+00  0.0000000E+00 -0.1000000E+01  0.4444447E+00
    1  0.4000000E+01 -0.1000000E+01 -0.5000000E+01  0.0000000E+00  0.0000000E+00 -0.1000000E+01  0.4444440E+00
    1  0.4666667E+01 -0.1000000E+01 -0.5000000E+01  0.0000000E+00  0.0000000E+00 -0.1000000E+01  0.4444447E+00
    1 -0.4666667E+01 -0.1666667E+01 -0.5000000E+01  0.0000000E+00  0.0000000E+00 -0.1000000E+01  0.4444444E+00
    1 -0.4000000E+01 -0.1666667E+01 -0.5000000E+01  0.0000000E+00  0.0000000E+00 -0.1000000E+01  0.4444446E+00
    1 -0.3333333E+01 -0.1666667E+01 -0.5000000E+01  0.0000000E+00  0.0000000E+00 -0.1000000E+01  0.4444443E+00
    1 -0.2666667E+01 -0.1666667E+01 -0.5000000E+01  0.0000000E+00  0.0000000E+00 -0.1000000E+01  0.4444445E+00
    1 -0.2000000E+01 -0.1666667E+01 -0.5000000E+01  0.0000000E+00  0.0000000E+00 -0.1000000E+01  0.4444443E+00
    1 -0.1333333E+01 -0.1666667E+01 -0.5000000E+01  0.0000000E+00  0.0000000E+00 -0.1000000E+01  0.4444445E+00
    1 -0.6666667E+00 -0.1666667E+01 -0.5000000E+01  0.0000000E+00  0.0000000E+00 -0.1000000E+01  0.4444443E+00
    1  0.0000000E+00 -0.1666667E+01 -0.5000000E+01  0.0000000E+00  0.0000000E+00 -0.1000000E+01  0.4444446E+00
    1  0.6666667E+00 -0.1666667E+01 -0.5000000E+01  0.0000000E+00  0.0000000E+00 -0.1000000E+01  0.4444443E+00
    1  0.1333333E+01 -0.1666667E+01 -0.5000000E+01  0.0000000E+00  0.0000000E+00 -0.1000000E+01  0.4444443E+00
    1  0.2000000E+01 -0.1666667E+01 -0.5000000E+01  0.0000000E+00  0.0000000E+00 -0.1000000E+01  0.4444446E+00
    1  0.2666667E+01 -0.1666667E+01 -0.5000000E+01  0.0000000E+00  0.0000000E+00 -0.1000000E+01  0.4444443E+00
    1  0.3333333E+01 -0.1666667E+01 -0.5000000E+01  0.0000000E+00  0.0000000E+00 -0.1000000E+01  0.4444446E+00
    1  0.4000000E+01 -0.1666667E+01 -0.5000000E+01  0.0000000E+00  0.0000000E+00 -0.1000000E+01  0.4444440E+00
    1  0.4666667E+01 -0.1666667E+01 -0.5000000E+01  0.0000000E+00  0.0000000E+00 -0.1000000E+01  0.4444446E+00
    1 -0.4666667E+01 -0.2333333E+01 -0.5000000E+01  0.0000000E+00  0.0000000E+00 -0.1000000E+01  0.4444443E+00
    1 -0.4000000E+01 -0.2333333E+01 -0.5000000E+01  0.0000000E+00  0.0000000E+00 -0.1000000E+01  0.4444447E+00
    1 -0.3333333E+01 -0.2333333E+01 -0.5000000E+01  0.0000000E+00  0.0000000E+00 -0.1000000E+01  0.4444444E+00
    1 -0.2666667E+01 -0.2333333E+01 -0.5000000E+01  0.0000000E+00  0.0000000E+00 -0.1000000E+01  0.4444445E+00
    1 -0.2000000E+01 -0.2333333E+01 -0.5000000E+01  0.0000000E+00  0.0000000E+00 -0.1000000E+01  0.4444444E+00
    1 -0.1333333E+01 -0.2333333E+01 -0.5000000E+01  0.0000000E+00  0.0000000E+00 -0.1000000E+01  0.4444445E+00
    1 -0.6666667E+00 -0.2333333E+01 -0.5000000E+01  0.0000000E+00  0.0000000E+00 -0.1000000E+01  0.4444444E+00
    1  0.0000000E+00 -0.2333333E+01 -0.5000000E+01  0.0000000E+00  0.0000000E+00 -0.1000000E+01  0.4444447E+00
    1  0.6666667E+00 -0.2333333E+01 -0.5000000E+01  0.0000000E+00  0.0000000E+00 -0.1000000E+01  0.4444444E+00
    1  0.1333333E+01 -0.2333333E+01 -0.5000000E+01  0.0000000E+00  0.0000000E+00 -0.1000000E+01  0.4444444E+00
    1  0.2000000E+01 -0.2333333E+01 -0.5000000E+01  0.0000000E+00  0.0000000E+00 -0.1000000E+01  0.4444447E+00
    1  0.2666667E+01 -0.2333333E+01 -0.5000000E+01  0.0000000E+00  0.0000000E+00 -0.1000000E+01  0.4444444E+00
    1  0.3333333E+01 -0.2333333E+01 -0.5000000E+01  0.0000000E+00  0.0000000E+00 -0.1000000E+01  0.4444447E+00
    1  0.4000000E+01 -0.2333333E+01 -0.5000000E+01  0.0000000E+00  0.0000000E+00 -0.1000000E+01  0.4444441E+00
    1  0.4666667E+01 -0.2333333E+01 -0.5000000E+01  0.0000000E+00  0.0000000E+00 -0.1000000E+01  0.4444447E+00
    1 -0.4666667E+01 -0.3000000E+01 -0.5000000E+01  0.0000000E+00  0.0000000E+00 -0.1000000E+01  0.4444444E+00
    1 -0.4000000E+01 -0.3000000E+01 -0.5000000E+01  0.0000000E+00  0.0000000E+00 -0.1000000E+01  0.4444445E+00
    1 -0.3333333E+01 -0.3000000E+01 -0.5000000E+01  0.0000000E+00  0.0000000E+00 -0.1000000E+01  0.4444442E+00
    1 -0.2666667E+01 -0.3000000E+01 -0.5000000E+01  0.0000000E+00  0.0000000E+00 -0.1000000E+01  0.4444444E+00
    1 -0.2000000E+01 -0.3000000E+01 -0.5000000E+01  0.0000000E+00  0.0000000E+00 -0.1000000E+01  0.4444442E+00
    1 -0.1333333E+01 -0.3000000E+01 -0.5000000E+01  0.0000000E+00  0.0000000E+00 -0.1000000E+01  0.4444444E+00
    1 -0.6666667E+00 -0.3000000E+01 -0.5000000E+01  0.0000000E+00  0.0000000E+00 -0.1000000E+01  0.4444442E+00
    1  0.0000000E+00 -0.3000000E+01 -0.5000000E+01  0.0000000E+00  0.0000000E+00 -0.1000000E+01  0.4444445E+00
    1  0.6666667E+00 -0.3000000E+01 -0.5000000E+01  0.0000000E+00  0.0000000E+00 -0.1000000E+01  0.4444442E+00
    1  0.1333333E+01 -0.3000000E+01 -0.5000000E+01  0.0000000E+00  0.0000000E+00 -0.1000000E+01  0.4444442E+00
    1  0.2000000E+01 -0.3000000E+01 -0.5000000E+01  0.0000000E+00  0.0000000E+00 -0.1000000E+01  0.4444445E+00
    1  0.2666667E+01 -0.3000000E+01 -0.5000000E+01  0.0000000E+00  0.0000000E+00 -0.1000000E+01  0.4444442E+00
    1  0.3333333E+01 -0.3000000E+01 -0.5000000E+01  0.0000000E+00  0.0000000E+00 -0.1000000E+01  0.4444445E+00
    1  0.4000000E+01 -0.3000000E+01 -0.5000000E+01  0.0000000E+00  0.0000000E+00 -0.1000000E+01  0.4444439E+00
    1  0.4666667E+01 -0.3000000E+01 -0.5000000E+01  0.0000000E+00  0.0000000E+00 -0.1000000E+01  0.4444445E+00
    1 -0.4666667E+01 -0.3666667E+01 -0.5000000E+01  0.0000000E+00  0.0000000E+00 -0.1000000E+01  0.4444443E+00
    1 -0.4000000E+01 -0.3666667E+01 -0.5000000E+01  0.0000000E+00  0.0000000E+00 -0.1000000E+01  0.4444447E+00
    1 -0.3333333E+01 -0.3666667E+01 -0.5000000E+01  0.0000000E+00  0.0000000E+00 -0.1000000E+01  0.4444444E+00
    1 -0.2666667E+01 -0.3666667E+01 -0.5000000E+01  0.0000000E+00  0.0000000E+00 -0.1000000E+01  0.4444445E+00
    1 -0.2000000E+01 -0.3666667E+01 -0.5000000E+01  0.0000000E+00  0.0000000E+00 -0.1000000E+01  0.4444444E+00
    1 -0.1333333E+01 -0.3666667E+01 -0.5000000E+01  0.0000000E+00  0.0000000E+00 -0.1000000E+01  0.4444445E+00
    1 -0.6666667E+00 -0.3666667E+01 -0.5000000E+01  0.0000000E+00  0.0000000E+00 -0.1000000E+01  0.4444444E+00
    1  0.0000000E+00 -0.3666667E+01 -0.5000000E+01  0.0000000E+00  0.0000000E+00 -0.1000000E+01  0.4444447E+00
    1  0.6666667E+00 -0.3666667E+01 -0.5000000E+01  0.0000000E+00  0.0000000E+00 -0.1000000E+01  0.4444444E+00
    1  0.1333333E+01 -0.3666667E+01 -0.5000000E+01  0.0000000E+00  0.0000000E+00 -0.1000000E+01  0.4444444E+00
    1  0.2000000E+01 -0.3666667E+01 -0.5000000E+01  0.0000000E+00  0.0000000E+00 -0.1000000E+01  0.4444447E+00
    1  0.2666667E+01 -0.3666667E+01 -0.5000000E+01  0.0000000E+00  0.0000000E+00 -0.1000000E+01  0.4444444E+00
    1  0.3333333E+01 -0.3666667E+01 -0.5000000E+01  0.0000000E+00  0.0000000E+00 -0.1000000E+01  0.4444447E+00
    1  0.4000000E+01 -0.3666667E+01 -0.5000000E+01  0.0000000E+00  0.0000000E+00 -0.1000000E+01  0.4444441E+00
    1  0.4666667E+01 -0.3666667E+01 -0.5000000E+01  0.0000000E+00  0.0000000E+00 -0.1000000E+01  0.4444447E+00
    1 -0.4666667E+01 -0.4333333E+01 -0.5000000E+01  0.0000000E+00  0.0000000E+00 -0.1000000E+01  0.4444442E+00
    1 -0.4000000E+01 -0.4333333E+01 -0.5000000E+01  0.0000000E+00  0.0000000E+00 -0.1000000E+01  0.4444445E+00
    1 -0.3333333E+01 -0.4333333E+01 -0.5000000E+01  0.0000000E+00  0.0000000E+00 -0.1000000E+01  0.4444442E+00
    1 -0.2666667E+01 -0.4333333E+01 -0.5000000E+01  0.0000000E+00  0.0000000E+00 -0.1000000E+01  0.4444444E+00
    1 -0.2000000E+01 -0.4333333E+01 -0.5000000E+01  0.0000000E+00  0.0000000E+00 -0.1000000E+01  0.4444442E+00
    1 -0.1333333E+01 -0.4333333E+01 -0.5000000E+01  0.0000000E+00  0.0000000E+00 -0.1000000E+01  0.4444444E+00
    1 -0.6666667E+00 -0.4333333E+01 -0.5000000E+01  0.0000000E+00  0.0000000E+00 -0.1000000E+01  0.4444442E+00
    1  0.0000000E+00 -0.4333333E+01 -0.5000000E+01  0.0000000E+00  0.0000000E+00 -0.1000000E+01  0.4444445E+00
    1  0.6666667E+00 -0.4333333E+01 -0.5000000E+01  0.0000000E+00  0.0000000E+00 -0.1000000E+01  0.4444442E+00
    1  0.1333333E+01 -0.4333333E+01 -0.5000000E+01  0.0000000E+00  0.0000000E+00 -0.1000000E+01  0.4444442E+00
    1  0.2000000E+01 -0.4333333E+01 -0.5000000E+01  0.0000000E+00  0.0000000E+00 -0.1000000E+01  0.4444445E+00
    1  0.2666667E+01 -0.4333333E+01 -0.5000000E+01  0.0000000E+00  0.0000000E+00 -0.1000000E+01  0.4444442E+00
    1  0.3333333E+01 -0.4333333E+01 -0.5000000E+01  0.0000000E+00  0.0000000E+00 -0.1000000E+01  0.4444445E+00
    1  0.4000000E+01 -0.4333333E+01 -0.5000000E+01  0.0000000E+00  0.0000000E+00 -0.1000000E+01  0.4444439E+00
    1  0.4666667E+01 -0.4333333E+01 -0.5000000E+01  0.0000000E+00  0.0000000E+00 -0.1000000E+01  0.4444445E+00
    1 -0.4666667E+01 -0.5000000E+01 -0.5000000E+01  0.0000000E+00  0.0000000E+00 -0.1000000E+01  0.4444445E+00
    1 -0.4000000E+01 -0.5000000E+01 -0.5000000E+01  0.0000000E+00  0.0000000E+00 -0.1000000E+01  0.4444449E+00
    1 -0.3333333E+01 -0.5000000E+01 -0.5000000E+01  0.0000000E+00  0.0000000E+00 -0.1000000E+01  0.4444445E+00
    1 -0.2666667E+01 -0.5000000E+01 -0.5000000E+01  0.0000000E+00  0.0000000E+00 -0.1000000E+01  0.4444447E+00
    1 -0.2000000E+01 -0.5000000E+01 -0.5000000E+01  0.0000000E+00  0.0000000E+00 -0.1000000E+01  0.4444445E+00
    1 -0.1333333E+01 -0.5000000E+01 -0.5000000E+01  0.0000000E+00  0.0000000E+00 -0.1000000E+01  0.4444447E+00
    1 -0.6666667E+00 -0.5000000E+01 -0.5000000E+01  0.0000000E+00  0.0000000E+00 -0.1000000E+01  0.4444445E+00
    1  0.0000000E+00 -0.5000000E+01 -0.5000000E+01  0.0000000E+00  0.0000000E+00 -0.1000000E+01  0.4444449E+00
    1  0.6666667E+00 -0.5000000E+01 -0.5000000E+01  0.0000000E+00  0.0000000E+00 -0.1000000E+01  0.4444445E+00
    1  0.1333333E+01 -0.5000000E+01 -0.5000000E+01  0.0000000E+00  0.0000000E+00 -0.1000000E+01  0.4444445E+00
    1  0.2000000E+01 -0.5000000E+01 -0.5000000E+01  0.0000000E+00  0.0000000E+00 -0.1000000E+01  0.4444449E+00
    1  0.2666667E+01 -0.5000000E+01 -0.5000000E+01  0.0000000E+00  0.0000000E+00 -0.1000000E+01  0.4444445E+00
    1  0.3333333E+01 -0.5000000E+01 -0.5000000E+01  0.0000000E+00  0.0000000E+00 -0.1000000E+01  0.4444449E+00
    1  0.4000000E+01 -0.5000000E+01 -0.5000000E+01  0.0000000E+00  0.0000000E+00 -0.1000000E+01  0.4444442E+00
    1  0.4666667E+01 -0.5000000E+01 -0.5000000E+01  0.0000000E+00  0.0000000E+00 -0.1000000E+01  0.4444449E+00
    1 -0.4666667E+01 -0.5666667E+01 -0.5000000E+01  0.0000000E+00  0.0000000E+00 -0.1000000E+01  0.4444442E+00
    1 -0.4000000E+01 -0.5666667E+01 -0.5000000E+01  0.0000000E+00  0.0000000E+00 -0.1000000E+01  0.4444445E+00
    1 -0.3333333E+01 -0.5666667E+01 -0.5000000E+01  0.0000000E+00  0.0000000E+00 -0.1000000E+01  0.4444442E+00
    1 -0.2666667E+01 -0.5666667E+01 -0.5000000E+01  0.0000000E+00  0.0000000E+00 -0.1000000E+01  0.4444444E+00
    1 -0.2000000E+01 -0.5666667E+01 -0.5000000E+01  0.0000000E+00  0.0000000E+00 -0.1000000E+01  0.4444442E+00
    1 -0.1333333E+01 -0.5666667E+01 -0.5000000E+01  0.0000000E+00  0.0000000E+00 -0.1000000E+01  0.4444444E+00
    1 -0.6666667E+00 -0.5666667E+01 -0.5000000E+01  0.0000000E+00  0.0000000E+00 -0.1000000E+01  0.4444442E+00
    1  0.0000000E+00 -0.5666667E+01 -0.5000000E+01  0.0000000E+00  0.0000000E+00 -0.1000000E+01  0.4444445E+00
    1  0.6666667E+00 -0.5666667E+01 -0.5000000E+01  0.0000000E+00  0.0000000E+00 -0.1000000E+01  0.4444442E+00
    1  0.1333333E+01 -0.5666667E+01 -0.5000000E+01  0.0000000E+00  0.0000000E+00 -0.1000000E+01  0.4444442E+00
    1  0.2000000E+01 -0.5666667E+01 -0.5000000E+01  0.0000000E+00  0.0000000E+00 -0.1000000E+01  0.4444445E+00
    1  0.2666667E+01 -0.5666667E+01 -0.5000000E+01  0.0000000E+00  0.0000000E+00 -0.1000000E+01  0.4444442E+00
    1  0.3333333E+01 -0.5666667E+01 -0.5000000E+01  0.0000000E+00  0.0000000E+00 -0.1000000E+01  0.4444445E+00
    1  0.4000000E+01 -0.5666667E+01 -0.5000000E+01  0.0000000E+00  0.0000000E+00 -0.1000000E+01  0.4444439E+00
    1  0.4666667E+01 -0.5666667E+01 -0.5000000E+01  0.0000000E+00  0.0000000E+00 -0.1000000E+01  0.4444445E+00
    1 -0.4666667E+01 -0.6333333E+01 -0.5000000E+01  0.0000000E+00  0.0000000E+00 -0.1000000E+01  0.4444444E+00
    1 -0.4000000E+01 -0.6333333E+01 -0.5000000E+01  0.0000000E+00  0.0000000E+00 -0.1000000E+01  0.4444445E+00
    1 -0.3333333E+01 -0.6333333E+01 -0.5000000E+01  0.0000000E+00  0.0000000E+00 -0.1000000E+01  0.4444442E+00
    1 -0.2666667E+01 -0.6333333E+01 -0.5000000E+01  0.0000000E+00  0.0000000E+00 -0.1000000E+01  0.4444444E+00
    1 -0.2000000E+01 -0.6333333E+01 -0.5000000E+01  0.0000000E+00  0.0000000E+00 -0.1000000E+01  0.4444442E+00
    1 -0.1333333E+01 -0.6333333E+01 -0.5000000E+01  0.0000000E+00  0.0000000E+00 -0.1000000E+01  0.4444444E+00
    1 -0.6666667E+00 -0.6333333E+01 -0.5000000E+01  0.0000000E+00  0.0000000E+00 -0.1000000E+01  0.4444442E+00
    1  0.0000000E+00 -0.6333333E+01 -0.5000000E+01  0.0000000E+00  0.0000000E+00 -0.1000000E+01  0.4444445E+00
    1  0.6666667E+00 -0.6333333E+01 -0.5000000E+01  0.0000000E+00  0.0000000E+00 -0.1000000E+01  0.4444442E+00
    1  0.1333333E+01 -0.6333333E+01 -0.5000000E+01  0.0000000E+00  0.0000000E+00 -0.1000000E+01  0.4444442E+00
    1  0.2000000E+01 -0.6333333E+01 -0.5000000E+01  0.0000000E+00  0.0000000E+00 -0.1000000E+01  0.4444445E+00
    1  0.2666667E+01 -0.6333333E+01 -0.5000000E+01  0.0000000E+00  0.0000000E+00 -0.1000000E+01  0.4444442E+00
    1  0.3333333E+01 -0.6333333E+01 -0.5000000E+01  0.0000000E+00  0.0000000E+00 -0.1000000E+01  0.4444445E+00
    1  0.4000000E+01 -0.6333333E+01 -0.5000000E+01  0.0000000E+00  0.0000000E+00 -0.1000000E+01  0.4444439E+00
    1  0.4666667E+01 -0.6333333E+01 -0.5000000E+01  0.0000000E+00  0.0000000E+00 -0.1000000E+01  0.4444445E+00
    1 -0.4666667E+01 -0.7000000E+01 -0.5000000E+01  0.0000000E+00  0.0000000E+00 -0.1000000E+01  0.4444442E+00
    1 -0.4000000E+01 -0.7000000E+01 -0.5000000E+01  0.0000000E+00  0.0000000E+00 -0.1000000E+01  0.4444449E+00
    1 -0.3333333E+01 -0.7000000E+01 -0.5000000E+01  0.0000000E+00  0.0000000E+00 -0.1000000E+01  0.4444445E+00
    1 -0.2666667E+01 -0.7000000E+01 -0.5000000E+01  0.0000000E+00  0.0000000E+00 -0.1000000E+01  0.4444447E+00
    1 -0.2000000E+01 -0.7000000E+01 -0.5000000E+01  0.0000000E+00  0.0000000E+00 -0.1000000E+01  0.4444445E+00
    1 -0.1333333E+01 -0.7000000E+01 -0.5000000E+01  0.0000000E+00  0.0000000E+00 -0.1000000E+01  0.4444447E+00
    1 -0.6666667E+00 -0.7000000E+01 -0.5000000E+01  0.0000000E+00  0.0000000E+00 -0.1000000E+01  0.4444445E+00
    1  0.0000000E+00 -0.7000000E+01 -0.5000000E+01  0.0000000E+00  0.0000000E+00 -0.1000000E+01  0.4444449E+00
    1  0.6666667E+00 -0.7000000E+01 -0.5000000E+01  0.0000000E+00  0.0000000E+00 -0.1000000E+01  0.4444445E+00
    1  0.1333333E+01 -0.7000000E+01 -0.5000000E+01  0.0000000E+00  0.0000000E+00 -0.1000000E+01  0.4444445E+00
    1  0.2000000E+01 -0.7000000E+01 -0.5000000E+01  0.0000000E+00  0.0000000E+00 -0.1000000E+01  0.4444449E+00
    1  0.2666667E+01 -0.7000000E+01 -0.5000000E+01  0.0000000E+00  0.0000000E+00 -0.1000000E+01  0.4444445E+00
    1  0.3333333E+01 -0.7000000E+01 -0.5000000E+01  0.0000000E+00  0.0000000E+00 -0.1000000E+01  0.4444449E+00
    1  0.4000000E+01 -0.7000000E+01 -0.5000000E+01  0.0000000E+00  0.0000000E+00 -0.1000000E+01  0.4444442E+00
    1  0.4666667E+01 -0.7000000E+01 -0.5000000E+01  0.0000000E+00  0.0000000E+00 -0.1000000E+01  0.4444449E+00
    1 -0.4666667E+01 -0.7666667E+01 -0.5000000E+01  0.0000000E+00  0.0000000E+00 -0.1000000E+01  0.4444444E+00
    1 -0.4000000E+01 -0.7666667E+01 -0.5000000E+01  0.0000000E+00  0.0000000E+00 -0.1000000E+01  0.4444445E+00
    1 -0.3333333E+01 -0.7666667E+01 -0.5000000E+01  0.0000000E+00  0.0000000E+00 -0.1000000E+01  0.4444442E+00
    1 -0.2666667E+01 -0.7666667E+01 -0.5000000E+01  0.0000000E+00  0.0000000E+00 -0.1000000E+01  0.4444444E+00
    1 -0.2000000E+01 -0.7666667E+01 -0.5000000E+01  0.0000000E+00  0.0000000E+00 -0.1000000E+01  0.4444442E+00
    1 -0.1333333E+01 -0.7666667E+01 -0.5000000E+01  0.0000000E+00  0.0000000E+00 -0.1000000E+01  0.4444444E+00
    1 -0.6666667E+00 -0.7666667E+01 -0.5000000E+01  0.0000000E+00  0.0000000E+00 -0.1000000E+01  0.4444442E+00
    1  0.0000000E+00 -0.7666667E+01 -0.5000000E+01  0.0000000E+00  0.0000000E+00 -0.1000000E+01  0.4444445E+00
    1  0.6666667E+00 -0.7666667E+01 -0.5000000E+01  0.0000000E+00  0.0000000E+00 -0.1000000E+01  0.4444442E+00
    1  0.1333333E+01 -0.7666667E+01 -0.5000000E+01  0.0000000E+00  0.0000000E+00 -0.1000000E+01  0.4444442E+00
    1  0.2000000E+01 -0.7666667E+01 -0.5000000E+01  0.0000000E+00  0.0000000E+00 -0.1000000E+01  0.4444445E+00
    1  0.2666667E+01 -0.7666667E+01 -0.5000000E+01  0.0000000E+00  0.0000000E+00 -0.1000000E+01  0.4444442E+00
    1  0.3333333E+01 -0.7666667E+01 -0.5000000E+01  0.0000000E+00  0.0000000E+00 -0.1000000E+01  0.4444445E+00
    1  0.4000000E+01 -0.7666667E+01 -0.5000000E+01  0.0000000E+00  0.0000000E+00 -0.1000000E+01  0.4444439E+00
    1  0.4666667E+01 -0.7666667E+01 -0.5000000E+01  0.0000000E+00  0.0000000E+00 -0.1000000E+01  0.4444445E+00
    1 -0.4666667E+01 -0.8333334E+01 -0.5000000E+01  0.0000000E+00  0.0000000E+00 -0.1000000E+01  0.4444445E+00
    1 -0.4000000E+01 -0.8333334E+01 -0.5000000E+01  0.0000000E+00  0.0000000E+00 -0.1000000E+01  0.4444449E+00
    1 -0.3333333E+01 -0.8333334E+01 -0.5000000E+01  0.0000000E+00  0.0000000E+00 -0.1000000E+01  0.4444445E+00
    1 -0.2666667E+01 -0.8333334E+01 -0.5000000E+01  0.0000000E+00  0.0000000E+00 -0.1000000E+01  0.4444447E+00
    1 -0.2000000E+01 -0.8333334E+01 -0.5000000E+01  0.0000000E+00  0.0000000E+00 -0.1000000E+01  0.4444445E+00
    1 -0.1333333E+01 -0.8333334E+01 -0.5000000E+01  0.0000000E+00  0.0000000E+00 -0.1000000E+01  0.4444447E+00
    1 -0.6666667E+00 -0.8333334E+01 -0.5000000E+01  0.0000000E+00  0.0000000E+00 -0.1000000E+01  0.4444445E+00
    1  0.0000000E+00 -0.8333334E+01 -0.5000000E+01  0.0000000E+00  0.0000000E+00 -0.1000000E+01  0.4444449E+00
    1  0.6666667E+00 -0.8333334E+01 -0.5000000E+01  0.0000000E+00  0.0000000E+00 -0.1000000E+01  0.4444445E+00
    1  0.1333333E+01 -0.8333334E+01 -0.5000000E+01  0.0000000E+00  0.0000000E+00 -0.1000000E+01  0.4444445E+00
    1  0.2000000E+01 -0.8333334E+01 -0.5000000E+01  0.0000000E+00  0.0000000E+00 -0.1000000E+01  0.4444449E+00
    1  0.2666667E+01 -0.8333334E+01 -0.5000000E+01  0.0000000E+00  0.0000000E+00 -0.1000000E+01  0.4444445E+00
    1  0.3333333E+01 -0.8333334E+01 -0.5000000E+01  0.0000000E+00  0.0000000E+00 -0.1000000E+01  0.4444449E+00
    1  0.4000000E+01 -0.8333334E+01 -0.5000000E+01  0.0000000E+00  0.0000000E+00 -0.1000000E+01  0.4444442E+00
    1  0.4666667E+01 -0.8333334E+01 -0.5000000E+01  0.0000000E+00  0.0000000E+00 -0.1000000E+01  0.4444449E+00
    1 -0.4666667E+01 -0.9000000E+01 -0.5000000E+01  0.0000000E+00  0.0000000E+00 -0.1000000E+01  0.4444439E+00
    1 -0.4000000E+01 -0.9000000E+01 -0.5000000E+01  0.0000000E+00  0.0000000E+00 -0.1000000E+01  0.4444442E+00
    1 -0.3333333E+01 -0.9000000E+01 -0.5000000E+01  0.0000000E+00  0.0000000E+00 -0.1000000E+01  0.4444439E+00
    1 -0.2666667E+01 -0.9000000E+01 -0.5000000E+01  0.0000000E+00  0.0000000E+00 -0.1000000E+01  0.4444441E+00
    1 -0.2000000E+01 -0.9000000E+01 -0.5000000E+01  0.0000000E+00  0.0000000E+00 -0.1000000E+01  0.4444439E+00
    1 -0.1333333E+01 -0.9000000E+01 -0.5000000E+01  0.0000000E+00  0.0000000E+00 -0.1000000E+01  0.4444441E+00
    1 -0.6666667E+00 -0.9000000E+01 -0.5000000E+01  0.0000000E+00  0.0000000E+00 -0.1000000E+01  0.4444439E+00
    1  0.0000000E+00 -0.9000000E+01 -0.5000000E+01  0.0000000E+00  0.0000000E+00 -0.1000000E+01  0.4444442E+00
    1  0.6666667E+00 -0.9000000E+01 -0.5000000E+01  0.0000000E+00  0.0000000E+00 -0.1000000E+01  0.4444439E+00
    1  0.1333333E+01 -0.9000000E+01 -0.5000000E+01  0.0000000E+00  0.0000000E+00 -0.1000000E+01  0.4444439E+00
    1  0.2000000E+01 -0.9000000E+01 -0.5000000E+01  0.0000000E+00  0.0000000E+00 -0.1000000E+01  0.4444442E+00
    1  0.2666667E+01 -0.9000000E+01 -0.5000000E+01  0.0000000E+00  0.0000000E+00 -0.1000000E+01  0.4444439E+00
    1  0.3333333E+01 -0.9000000E+01 -0.5000000E+01  0.0000000E+00  0.0000000E+00 -0.1000000E+01  0.4444442E+00
    1  0.4000000E+01 -0.9000000E+01 -0.5000000E+01  0.0000000E+00  0.0000000E+00 -0.1000000E+01  0.4444436E+00
    1  0.4666667E+01 -0.9000000E+01 -0.5000000E+01  0.0000000E+00  0.0000000E+00 -0.1000000E+01  0.4444442E+00
    1 -0.4666667E+01 -0.9666666E+01 -0.5000000E+01  0.0000000E+00  0.0000000E+00 -0.1000000E+01  0.4444445E+00
    1 -0.4000000E+01 -0.9666667E+01 -0.5000000E+01  0.0000000E+00  0.0000000E+00 -0.1000000E+01  0.4444449E+00
    1 -0.3333333E+01 -0.9666666E+01 -0.5000000E+01  0.0000000E+00  0.0000000E+00 -0.1000000E+01  0.4444445E+00
    1 -0.2666667E+01 -0.9666667E+01 -0.5000000E+01  0.0000000E+00  0.0000000E+00 -0.1000000E+01  0.4444447E+00
    1 -0.2000000E+01 -0.9666666E+01 -0.5000000E+01  0.0000000E+00  0.0000000E+00 -0.1000000E+01  0.4444445E+00
    1 -0.1333333E+01 -0.9666667E+01 -0.5000000E+01  0.0000000E+00  0.0000000E+00 -0.1000000E+01  0.4444447E+00
    1 -0.6666667E+00 -0.9666666E+01 -0.5000000E+01  0.0000000E+00  0.0000000E+00 -0.1000000E+01  0.4444445E+00
    1  0.0000000E+00 -0.9666667E+01 -0.5000000E+01  0.0000000E+00  0.0000000E+00 -0.1000000E+01  0.4444449E+00
    1  0.6666667E+00 -0.9666666E+01 -0.5000000E+01  0.0000000E+00  0.0000000E+00 -0.1000000E+01  0.4444445E+00
    1  0.1333333E+01 -0.9666666E+01 -0.5000000E+01  0.0000000E+00  0.0000000E+00 -0.1000000E+01  0.4444445E+00
    1  0.2000000E+01 -0.9666667E+01 -0.5000000E+01  0.0000000E+00  0.0000000E+00 -0.1000000E+01  0.4444449E+00
    1  0.2666667E+01 -0.9666666E+01 -0.5000000E+01  0.0000000E+00  0.0000000E+00 -0.1000000E+01  0.4444445E+00
    1  0.3333333E+01 -0.9666667E+01 -0.5000000E+01  0.0000000E+00  0.0000000E+00 -0.1000000E+01  0.4444449E+00
    1  0.4000000E+01 -0.9666666E+01 -0.5000000E+01  0.0000000E+00  0.0000000E+00 -0.1000000E+01  0.4444442E+00
    1  0.4666667E+01 -0.9666667E+01 -0.5000000E+01  0.0000000E+00  0.0000000E+00 -0.1000000E+01  0.4444449E+00
    1  0.5000000E+01 -0.3333333E+00 -0.3125000E+00  0.1000000E+01  0.0000000E+00  0.0000000E+00  0.4166667E+00
    1  0.5000000E+01 -0.1000000E+01 -0.3125000E+00  0.1000000E+01  0.0000000E+00  0.0000000E+00  0.4166667E+00
    1  0.5000000E+01 -0.1666667E+01 -0.3125000E+00  0.1000000E+01  0.0000000E+00  0.0000000E+00  0.4166666E+00
    1  0.5000000E+01 -0.2333333E+01 -0.3125000E+00  0.1000000E+01  0.0000000E+00  0.0000000E+00  0.4166667E+00
    1  0.5000000E+01 -0.3000000E+01 -0.3125000E+00  0.1000000E+01  0.0000000E+00  0.0000000E+00  0.4166666E+00
    1  0.5000000E+01 -0.3666667E+01 -0.3125000E+00  0.1000000E+01  0.0000000E+00  0.0000000E+00  0.4166667E+00
    1  0.5000000E+01 -0.4333333E+01 -0.3125000E+00  0.1000000E+01  0.0000000E+00  0.0000000E+00  0.4166666E+00
    1  0.5000000E+01 -0.5000000E+01 -0.3125000E+00  0.1000000E+01  0.0000000E+00  0.0000000E+00  0.4166669E+00
    1  0.5000000E+01 -0.5666667E+01 -0.3125000E+00  0.1000000E+01  0.0000000E+00  0.0000000E+00  0.4166666E+00
    1  0.5000000E+01 -0.6333333E+01 -0.3125000E+00  0.1000000E+01  0.0000000E+00  0.0000000E+00  0.4166666E+00
    1  0.5000000E+01 -0.7000000E+01 -0.3125000E+00  0.1000000E+01  0.0000000E+00  0.0000000E+00  0.4166669E+00
    1  0.5000000E+01 -0.7666667E+01 -0.3125000E+00  0.1000000E+01  0.0000000E+00  0.0000000E+00  0.4166666E+00
    1  0.5000000E+01 -0.8333334E+01 -0.3125000E+00  0.1000000E+01  0.0000000E+00  0.0000000E+00  0.4166669E+00
    1  0.5000000E+01 -0.9000000E+01 -0.3125000E+00  0.1000000E+01  0.0000000E+00  0.0000000E+00  0.4166663E+00
    1  0.5000000E+01 -0.9666666E+01 -0.3125000E+00  0.1000000E+01  0.0000000E+00  0.0000000E+00  0.4166669E+00
    1  0.5000000E+01 -0.3333333E+00 -0.9375000E+00  0.1000000E+01  0.0000000E+00  0.0000000E+00  0.4166667E+00
    1  0.5000000E+01 -0.1000000E+01 -0.9375000E+00  0.1000000E+01  0.0000000E+00  0.0000000E+00  0.4166667E+00
    1  0.5000000E+01 -0.1666667E+01 -0.9375000E+00  0.1000000E+01  0.0000000E+00  0.0000000E+00  0.4166666E+00
    1  0.5000000E+01 -0.2333333E+01 -0.9375000E+00  0.1000000E+01  0.0000000E+00  0.0000000E+00  0.4166667E+00
    1  0.5000000E+01 -0.3000000E+01 -0.9375000E+00  0.1000000E+01  0.0000000E+00  0.0000000E+00  0.4166666E+00
    1  0.5000000E+01 -0.3666667E+01 -0.9375000E+00  0.1000000E+01  0.0000000E+00  0.0000000E+00  0.4166667E+00
    1  0.5000000E+01 -0.4333333E+01 -0.9375000E+00  0.1000000E+01  0.0000000E+00  0.0000000E+00  0.4166666E+00
    1  0.5000000E+01 -0.5000000E+01 -0.9375000E+00  0.1000000E+01  0.0000000E+00  0.0000000E+00  0.4166669E+00
    1  0.5000000E+01 -0.5666667E+01 -0.9375000E+00  0.1000000E+01  0.0000000E+00  0.0000000E+00  0.4166666E+00
    1  0.5000000E+01 -0.6333333E+01 -0.9375000E+00  0.1000000E+01  0.0000000E+00  0.0000000E+00  0.4166666E+00
    1  0.5000000E+01 -0.7000000E+01 -0.9375000E+00  0.1000000E+01  0.0000000E+00  0.0000000E+00  0.4166669E+00
    1  0.5000000E+01 -0.7666667E+01 -0.9375000E+00  0.1000000E+01  0.0000000E+00  0.0000000E+00  0.4166666E+00
    1  0.5000000E+01 -0.8333334E+01 -0.9375000E+00  0.1000000E+01  0.0000000E+00  0.0000000E+00  0.4166669E+00
    1  0.5000000E+01 -0.9000000E+01 -0.9375000E+00  0.1000000E+01  0.0000000E+00  0.0000000E+00  0.4166663E+00
    1  0.5000000E+01 -0.9666666E+01 -0.9375000E+00  0.1000000E+01  0.0000000E+00  0.0000000E+00  0.4166669E+00
    1  0.5000000E+01 -0.3333333E+00 -0.1562500E+01  0.1000000E+01  0.0000000E+00  0.0000000E+00  0.4166667E+00
    1  0.5000000E+01 -0.1000000E+01 -0.1562500E+01  0.1000000E+01  0.0000000E+00  0.0000000E+00  0.4166667E+00
    1  0.5000000E+01 -0.1666667E+01 -0.1562500E+01  0.1000000E+01  0.0000000E+00  0.0000000E+00  0.4166666E+00
    1  0.5000000E+01 -0.2333333E+01 -0.1562500E+01  0.1000000E+01  0.0000000E+00  0.0000000E+00  0.4166667E+00
    1  0.5000000E+01 -0.3000000E+01 -0.1562500E+01  0.1000000E+01  0.0000000E+00  0.0000000E+00  0.4166666E+00
    1  0.5000000E+01 -0.3666667E+01 -0.1562500E+01  0.1000000E+01  0.0000000E+00  0.0000000E+00  0.4166667E+00
    1  0.5000000E+01 -0.4333333E+01 -0.1562500E+01  0.1000000E+01  0.0000000E+00  0.0000000E+00  0.4166666E+00
    1  0.5000000E+01 -0.5000000E+01 -0.1562500E+01  0.1000000E+01  0.0000000E+00  0.0000000E+00  0.4166669E+00
    1  0.5000000E+01 -0.5666667E+01 -0.1562500E+01  0.1000000E+01  0.0000000E+00  0.0000000E+00  0.4166666E+00
    1  0.5000000E+01 -0.6333333E+01 -0.1562500E+01  0.1000000E+01  0.0000000E+00  0.0000000E+00  0.4166666E+00
    1  0.5000000E+01 -0.7000000E+01 -0.1562500E+01  0.1000000E+01  0.0000000E+00  0.0000000E+00  0.4166669E+00
    1  0.5000000E+01 -0.7666667E+01 -0.1562500E+01  0.1000000E+01  0.0000000E+00  0.0000000E+00  0.4166666E+00
    1  0.5000000E+01 -0.8333334E+01 -0.1562500E+01  0.1000000E+01  0.0000000E+00  0.0000000E+00  0.4166669E+00
    1  0.5000000E+01 -0.9000000E+01 -0.1562500E+01  0.1000000E+01  0.0000000E+00  0.0000000E+00  0.4166663E+00
    1  0.5000000E+01 -0.9666666E+01 -0.1562500E+01  0.1000000E+01  0.0000000E+00  0.0000000E+00  0.4166669E+00
    1  0.5000000E+01 -0.3333333E+00 -0.2187500E+01  0.1000000E+01  0.0000000E+00  0.0000000E+00  0.4166667E+00
    1  0.5000000E+01 -0.1000000E+01 -0.2187500E+01  0.1000000E+01  0.0000000E+00  0.0000000E+00  0.4166667E+00
    1  0.5000000E+01 -0.1666667E+01 -0.2187500E+01  0.1000000E+01  0.0000000E+00  0.0000000E+00  0.4166666E+00
    1  0.5000000E+01 -0.2333333E+01 -0.2187500E+01  0.1000000E+01  0.0000000E+00  0.0000000E+00  0.4166667E+00
    1  0.5000000E+01 -0.3000000E+01 -0.2187500E+01  0.1000000E+01  0.0000000E+00  0.0000000E+00  0.4166666E+00
    1  0.5000000E+01 -0.3666667E+01 -0.2187500E+01  0.1000000E+01  0.0000000E+00  0.0000000E+00  0.4166667E+00
    1  0.5000000E+01 -0.4333333E+01 -0.2187500E+01  0.1000000E+01  0.0000000E+00  0.0000000E+00  0.4166666E+00
    1  0.5000000E+01 -0.5000000E+01 -0.2187500E+01  0.1000000E+01  0.0000000E+00  0.0000000E+00  0.4166669E+00
    1  0.5000000E+01 -0.5666667E+01 -0.2187500E+01  0.1000000E+01  0.0000000E+00  0.0000000E+00  0.4166666E+00
    1  0.5000000E+01 -0.6333333E+01 -0.2187500E+01  0.1000000E+01  0.0000000E+00  0.0000000E+00  0.4166666E+00
    1  0.5000000E+01 -0.7000000E+01 -0.2187500E+01  0.1000000E+01  0.0000000E+00  0.0000000E+00  0.4166669E+00
    1  0.5000000E+01 -0.7666667E+01 -0.2187500E+01  0.1000000E+01  0.0000000E+00  0.0000000E+00  0.4166666E+00
    1  0.5000000E+01 -0.8333334E+01 -0.2187500E+01  0.1000000E+01  0.0000000E+00  0.0000000E+00  0.4166669E+00
    1  0.5000000E+01 -0.9000000E+01 -0.2187500E+01  0.1000000E+01  0.0000000E+00  0.0000000E+00  0.4166663E+00
    1  0.5000000E+01 -0.9666666E+01 -0.2187500E+01  0.1000000E+01  0.0000000E+00  0.0000000E+00  0.4166669E+00
    1  0.5000000E+01 -0.3333333E+00 -0.2812500E+01  0.1000000E+01  0.0000000E+00  0.0000000E+00  0.4166667E+00
    1  0.5000000E+01 -0.1000000E+01 -0.2812500E+01  0.1000000E+01  0.0000000E+00  0.0000000E+00  0.4166667E+00
    1  0.5000000E+01 -0.1666667E+01 -0.2812500E+01  0.1000000E+01  0.0000000E+00  0.0000000E+00  0.4166666E+00
    1  0.5000000E+01 -0.2333333E+01 -0.2812500E+01  0.1000000E+01  0.0000000E+00  0.0000000E+00  0.4166667E+00
    1  0.5000000E+01 -0.3000000E+01 -0.2812500E+01  0.1000000E+01  0.0000000E+00  0.0000000E+00  0.4166666E+00
    1  0.5000000E+01 -0.3666667E+01 -0.2812500E+01  0.1000000E+01  0.0000000E+00  0.0000000E+00  0.4166667E+00
    1  0.5000000E+01 -0.4333333E+01 -0.2812500E+01  0.1000000E+01  0.0000000E+00  0.0000000E+00  0.4166666E+00
    1  0.5000000E+01 -0.5000000E+01 -0.2812500E+01  0.1000000E+01  0.0000000E+00  0.0000000E+00  0.4166669E+00
    1  0.5000000E+01 -0.5666667E+01 -0.2812500E+01  0.1000000E+01  0.0000000E+00  0.0000000E+00  0.4166666E+00
    1  0.5000000E+01 -0.6333333E+01 -0.2812500E+01  0.1000000E+01  0.0000000E+00  0.0000000E+00  0.4166666E+00
    1  0.5000000E+01 -0.7000000E+01 -0.2812500E+01  0.1000000E+01  0.0000000E+00  0.0000000E+00  0.4166669E+00
    1  0.5000000E+01 -0.7666667E+01 -0.2812500E+01  0.1000000E+01  0.0000000E+00  0.0000000E+00  0.4166666E+00
    1  0.5000000E+01 -0.8333334E+01 -0.2812500E+01  0.1000000E+01  0.0000000E+00  0.0000000E+00  0.4166669E+00
    1  0.5000000E+01 -0.9000000E+01 -0.2812500E+01  0.1000000E+01  0.0000000E+00  0.0000000E+00  0.4166663E+00
    1  0.5000000E+01 -0.9666666E+01 -0.2812500E+01  0.1000000E+01  0.0000000E+00  0.0000000E+00  0.4166669E+00
    1  0.5000000E+01 -0.3333333E+00 -0.3437500E+01  0.1000000E+01  0.0000000E+00  0.0000000E+00  0.4166667E+00
    1  0.5000000E+01 -0.1000000E+01 -0.3437500E+01  0.1000000E+01  0.0000000E+00  0.0000000E+00  0.4166667E+00
    1  0.5000000E+01 -0.1666667E+01 -0.3437500E+01  0.1000000E+01  0.0000000E+00  0.0000000E+00  0.4166666E+00
    1  0.5000000E+01 -0.2333333E+01 -0.3437500E+01  0.1000000E+01  0.0000000E+00  0.0000000E+00  0.4166667E+00
    1  0.5000000E+01 -0.3000000E+01 -0.3437500E+01  0.1000000E+01  0.0000000E+00  0.0000000E+00  0.4166666E+00
    1  0.5000000E+01 -0.3666667E+01 -0.3437500E+01  0.1000000E+01  0.0000000E+00  0.0000000E+00  0.4166667E+00
    1  0.5000000E+01 -0.4333333E+01 -0.3437500E+01  0.1000000E+01  0.0000000E+00  0.0000000E+00  0.4166666E+00
    1  0.5000000E+01 -0.5000000E+01 -0.3437500E+01  0.1000000E+01  0.0000000E+00  0.0000000E+00  0.4166669E+00
    1  0.5000000E+01 -0.5666667E+01 -0.3437500E+01  0.1000000E+01  0.0000000E+00  0.0000000E+00  0.4166666E+00
    1  0.5000000E+01 -0.6333333E+01 -0.3437500E+01  0.1000000E+01  0.0000000E+00  0.0000000E+00  0.4166666E+00
    1  0.5000000E+01 -0.7000000E+01 -0.3437500E+01  0.1000000E+01  0.0000000E+00  0.0000000E+00  0.4166669E+00
    1  0.5000000E+01 -0.7666667E+01 -0.3437500E+01  0.1000000E+01  0.0000000E+00  0.0000000E+00  0.4166666E+00
    1  0.5000000E+01 -0.8333334E+01 -0.3437500E+01  0.1000000E+01  0.0000000E+00  0.0000000E+00  0.4166669E+00
    1  0.5000000E+01 -0.9000000E+01 -0.3437500E+01  0.1000000E+01  0.0000000E+00  0.0000000E+00  0.4166663E+00
    1  0.5000000E+01 -0.9666666E+01 -0.3437500E+01  0.1000000E+01  0.0000000E+00  0.0000000E+00  0.4166669E+00
    1  0.5000000E+01 -0.3333333E+00 -0.4062500E+01  0.1000000E+01  0.0000000E+00  0.0000000E+00  0.4166667E+00
    1  0.5000000E+01 -0.1000000E+01 -0.4062500E+01  0.1000000E+01  0.0000000E+00  0.0000000E+00  0.4166667E+00
    1  0.5000000E+01 -0.1666667E+01 -0.4062500E+01  0.1000000E+01  0.0000000E+00  0.0000000E+00  0.4166666E+00
    1  0.5000000E+01 -0.2333333E+01 -0.4062500E+01  0.1000000E+01  0.0000000E+00  0.0000000E+00  0.4166667E+00
    1  0.5000000E+01 -0.3000000E+01 -0.4062500E+01  0.1000000E+01  0.0000000E+00  0.0000000E+00  0.4166666E+00
    1  0.5000000E+01 -0.3666667E+01 -0.4062500E+01  0.1000000E+01  0.0000000E+00  0.0000000E+00  0.4166667E+00
    1  0.5000000E+01 -0.4333333E+01 -0.4062500E+01  0.1000000E+01  0.0000000E+00  0.0000000E+00  0.4166666E+00
    1  0.5000000E+01 -0.5000000E+01 -0.4062500E+01  0.1000000E+01  0.0000000E+00  0.0000000E+00  0.4166669E+00
    1  0.5000000E+01 -0.5666667E+01 -0.4062500E+01  0.1000000E+01  0.0000000E+00  0.0000000E+00  0.4166666E+00
    1  0.5000000E+01 -0.6333333E+01 -0.4062500E+01  0.1000000E+01  0.0000000E+00  0.0000000E+00  0.4166666E+00
    1  0.5000000E+01 -0.7000000E+01 -0.4062500E+01  0.1000000E+01  0.0000000E+00  0.0000000E+00  0.4166669E+00
    1  0.5000000E+01 -0.7666667E+01 -0.4062500E+01  0.1000000E+01  0.0000000E+00  0.0000000E+00  0.4166666E+00
    1  0.5000000E+01 -0.8333334E+01 -0.4062500E+01  0.1000000E+01  0.0000000E+00  0.0000000E+00  0.4166669E+00
    1  0.5000000E+01 -0.9000000E+01 -0.4062500E+01  0.1000000E+01  0.0000000E+00  0.0000000E+00  0.4166663E+00
    1  0.5000000E+01 -0.9666666E+01 -0.4062500E+01  0.1000000E+01  0.0000000E+00  0.0000000E+00  0.4166669E+00
    1  0.5000000E+01 -0.3333333E+00 -0.4687500E+01  0.1000000E+01  0.0000000E+00  0.0000000E+00  0.4166667E+00
    1  0.5000000E+01 -0.1000000E+01 -0.4687500E+01  0.1000000E+01  0.0000000E+00  0.0000000E+00  0.4166667E+00
    1  0.5000000E+01 -0.1666667E+01 -0.4687500E+01  0.1000000E+01  0.0000000E+00  0.0000000E+00  0.4166666E+00
    1  0.5000000E+01 -0.2333333E+01 -0.4687500E+01  0.1000000E+01  0.0000000E+00  0.0000000E+00  0.4166667E+00
    1  0.5000000E+01 -0.3000000E+01 -0.4687500E+01  0.1000000E+01  0.0000000E+00  0.0000000E+00  0.4166666E+00
    1  0.5000000E+01 -0.3666667E+01 -0.4687500E+01  0.1000000E+01  0.0000000E+00  0.0000000E+00  0.4166667E+00
    1  0.5000000E+01 -0.4333333E+01 -0.4687500E+01  0.1000000E+01  0.0000000E+00  0.0000000E+00  0.4166666E+00
    1  0.5000000E+01 -0.5000000E+01 -0.4687500E+01  0.1000000E+01  0.0000000E+00  0.0000000E+00  0.4166669E+00
    1  0.5000000E+01 -0.5666667E+01 -0.4687500E+01  0.1000000E+01  0.0000000E+00  0.0000000E+00  0.4166666E+00
    1  0.5000000E+01 -0.6333333E+01 -0.4687500E+01  0.1000000E+01  0.0000000E+00  0.0000000E+00  0.4166666E+00
    1  0.5000000E+01 -0.7000000E+01 -0.4687500E+01  0.1000000E+01  0.0000000E+00  0.0000000E+00  0.4166669E+00
    1  0.5000000E+01 -0.7666667E+01 -0.4687500E+01  0.1000000E+01  0.0000000E+00  0.0000000E+00  0.4166666E+00
    1  0.5000000E+01 -0.8333334E+01 -0.4687500E+01  0.1000000E+01  0.0000000E+00  0.0000000E+00  0.4166669E+00
    1  0.5000000E+01 -0.9000000E+01 -0.4687500E+01  0.1000000E+01  0.0000000E+00  0.0000000E+00  0.4166663E+00
    1  0.5000000E+01 -0.9666666E+01 -0.4687500E+01  0.1000000E+01  0.0000000E+00  0.0000000E+00  0.4166669E+00
    1  0.4666667E+01 -0.1000000E+02 -0.4687500E+01  0.0000000E+00 -0.1000000E+01  0.0000000E+00  0.4166667E+00
    1  0.4666667E+01 -0.1000000E+02 -0.4062500E+01  0.0000000E+00 -0.1000000E+01  0.0000000E+00  0.4166666E+00
    1  0.4666667E+01 -0.1000000E+02 -0.3437500E+01  0.0000000E+00 -0.1000000E+01  0.0000000E+00  0.4166666E+00
    1  0.4666667E+01 -0.1000000E+02 -0.2812500E+01  0.0000000E+00 -0.1000000E+01  0.0000000E+00  0.4166666E+00
    1  0.4666667E+01 -0.1000000E+02 -0.2187500E+01  0.0000000E+00 -0.1000000E+01  0.0000000E+00  0.4166666E+00
    1  0.4666667E+01 -0.1000000E+02 -0.1562500E+01  0.0000000E+00 -0.1000000E+01  0.0000000E+00  0.4166666E+00
    1  0.4666667E+01 -0.1000000E+02 -0.9375000E+00  0.0000000E+00 -0.1000000E+01  0.0000000E+00  0.4166666E+00
    1  0.4666667E+01 -0.1000000E+02 -0.3125000E+00  0.0000000E+00 -0.1000000E+01  0.0000000E+00  0.4166666E+00
    1  0.4000000E+01 -0.1000000E+02 -0.4687500E+01  0.0000000E+00 -0.1000000E+01  0.0000000E+00  0.4166666E+00
    1  0.4000000E+01 -0.1000000E+02 -0.4062500E+01  0.0000000E+00 -0.1000000E+01  0.0000000E+00  0.4166669E+00
    1  0.4000000E+01 -0.1000000E+02 -0.3437500E+01  0.0000000E+00 -0.1000000E+01  0.0000000E+00  0.4166669E+00
    1  0.4000000E+01 -0.1000000E+02 -0.2812500E+01  0.0000000E+00 -0.1000000E+01  0.0000000E+00  0.4166669E+00
    1  0.4000000E+01 -0.1000000E+02 -0.2187500E+01  0.0000000E+00 -0.1000000E+01  0.0000000E+00  0.4166669E+00
    1  0.4000000E+01 -0.1000000E+02 -0.1562500E+01  0.0000000E+00 -0.1000000E+01  0.0000000E+00  0.4166669E+00
    1  0.4000000E+01 -0.1000000E+02 -0.9375000E+00  0.0000000E+00 -0.1000000E+01  0.0000000E+00  0.4166669E+00
    1  0.4000000E+01 -0.1000000E+02 -0.3125000E+00  0.0000000E+00 -0.1000000E+01  0.0000000E+00  0.4166669E+00
    1  0.3333333E+01 -0.1000000E+02 -0.4687500E+01  0.0000000E+00 -0.1000000E+01  0.0000000E+00  0.4166667E+00
    1  0.3333333E+01 -0.1000000E+02 -0.4062500E+01  0.0000000E+00 -0.1000000E+01  0.0000000E+00  0.4166666E+00
    1  0.3333333E+01 -0.1000000E+02 -0.3437500E+01  0.0000000E+00 -0.1000000E+01  0.0000000E+00  0.4166666E+00
    1  0.3333333E+01 -0.1000000E+02 -0.2812500E+01  0.0000000E+00 -0.1000000E+01  0.0000000E+00  0.4166666E+00
    1  0.3333333E+01 -0.1000000E+02 -0.2187500E+01  0.0000000E+00 -0.1000000E+01  0.0000000E+00  0.4166666E+00
    1  0.3333333E+01 -0.1000000E+02 -0.1562500E+01  0.0000000E+00 -0.1000000E+01  0.0000000E+00  0.4166666E+00
    1  0.3333333E+01 -0.1000000E+02 -0.9375000E+00  0.0000000E+00 -0.1000000E+01  0.0000000E+00  0.4166666E+00
    1  0.3333333E+01 -0.1000000E+02 -0.3125000E+00  0.0000000E+00 -0.1000000E+01  0.0000000E+00  0.4166666E+00
    1  0.2666667E+01 -0.1000000E+02 -0.4687500E+01  0.0000000E+00 -0.1000000E+01  0.0000000E+00  0.4166666E+00
    1  0.2666667E+01 -0.1000000E+02 -0.4062500E+01  0.0000000E+00 -0.1000000E+01  0.0000000E+00  0.4166667E+00
    1  0.2666667E+01 -0.1000000E+02 -0.3437500E+01  0.0000000E+00 -0.1000000E+01  0.0000000E+00  0.4166667E+00
    1  0.2666667E+01 -0.1000000E+02 -0.2812500E+01  0.0000000E+00 -0.1000000E+01  0.0000000E+00  0.4166667E+00
    1  0.2666667E+01 -0.1000000E+02 -0.2187500E+01  0.0000000E+00 -0.1000000E+01  0.0000000E+00  0.4166667E+00
    1  0.2666667E+01 -0.1000000E+02 -0.1562500E+01  0.0000000E+00 -0.1000000E+01  0.0000000E+00  0.4166667E+00
    1  0.2666667E+01 -0.1000000E+02 -0.9375000E+00  0.0000000E+00 -0.1000000E+01  0.0000000E+00  0.4166667E+00
    1  0.2666667E+01 -0.1000000E+02 -0.3125000E+00  0.0000000E+00 -0.1000000E+01  0.0000000E+00  0.4166667E+00
    1  0.2000000E+01 -0.1000000E+02 -0.4687500E+01  0.0000000E+00 -0.1000000E+01  0.0000000E+00  0.4166667E+00
    1  0.2000000E+01 -0.1000000E+02 -0.4062500E+01  0.0000000E+00 -0.1000000E+01  0.0000000E+00  0.4166666E+00
    1  0.2000000E+01 -0.1000000E+02 -0.3437500E+01  0.0000000E+00 -0.1000000E+01  0.0000000E+00  0.4166666E+00
    1  0.2000000E+01 -0.1000000E+02 -0.2812500E+01  0.0000000E+00 -0.1000000E+01  0.0000000E+00  0.4166666E+00
    1  0.2000000E+01 -0.1000000E+02 -0.2187500E+01  0.0000000E+00 -0.1000000E+01  0.0000000E+00  0.4166666E+00
    1  0.2000000E+01 -0.1000000E+02 -0.1562500E+01  0.0000000E+00 -0.1000000E+01  0.0000000E+00  0.4166666E+00
    1  0.2000000E+01 -0.1000000E+02 -0.9375000E+00  0.0000000E+00 -0.1000000E+01  0.0000000E+00  0.4166666E+00
    1  0.2000000E+01 -0.1000000E+02 -0.3125000E+00  0.0000000E+00 -0.1000000E+01  0.0000000E+00  0.4166666E+00
    1  0.1333333E+01 -0.1000000E+02 -0.4687500E+01  0.0000000E+00 -0.1000000E+01  0.0000000E+00  0.4166666E+00
    1  0.1333333E+01 -0.1000000E+02 -0.4062500E+01  0.0000000E+00 -0.1000000E+01  0.0000000E+00  0.4166667E+00
    1  0.1333333E+01 -0.1000000E+02 -0.3437500E+01  0.0000000E+00 -0.1000000E+01  0.0000000E+00  0.4166667E+00
    1  0.1333333E+01 -0.1000000E+02 -0.2812500E+01  0.0000000E+00 -0.1000000E+01  0.0000000E+00  0.4166667E+00
    1  0.1333333E+01 -0.1000000E+02 -0.2187500E+01  0.0000000E+00 -0.1000000E+01  0.0000000E+00  0.4166667E+00
    1  0.1333333E+01 -0.1000000E+02 -0.1562500E+01  0.0000000E+00 -0.1000000E+01  0.0000000E+00  0.4166667E+00
    1  0.1333333E+01 -0.1000000E+02 -0.9375000E+00  0.0000000E+00 -0.1000000E+01  0.0000000E+00  0.4166667E+00
    1  0.1333333E+01 -0.1000000E+02 -0.3125000E+00  0.0000000E+00 -0.1000000E+01  0.0000000E+00  0.4166667E+00
    1  0.6666667E+00 -0.1000000E+02 -0.4687500E+01  0.0000000E+00 -0.1000000E+01  0.0000000E+00  0.4166666E+00
    1  0.6666667E+00 -0.1000000E+02 -0.4062500E+01  0.0000000E+00 -0.1000000E+01  0.0000000E+00  0.4166666E+00
    1  0.6666667E+00 -0.1000000E+02 -0.3437500E+01  0.0000000E+00 -0.1000000E+01  0.0000000E+00  0.4166666E+00
    1  0.6666667E+00 -0.1000000E+02 -0.2812500E+01  0.0000000E+00 -0.1000000E+01  0.0000000E+00  0.4166666E+00
    1  0.6666667E+00 -0.1000000E+02 -0.2187500E+01  0.0000000E+00 -0.1000000E+01  0.0000000E+00  0.4166666E+00
    1  0.6666667E+00 -0.1000000E+02 -0.1562500E+01  0.0000000E+00 -0.1000000E+01  0.0000000E+00  0.4166666E+00
    1  0.6666667E+00 -0.1000000E+02 -0.9375000E+00  0.0000000E+00 -0.1000000E+01  0.0000000E+00  0.4166666E+00
    1  0.6666667E+00 -0.1000000E+02 -0.3125000E+00  0.0000000E+00 -0.1000000E+01  0.0000000E+00  0.4166666E+00
    1  0.0000000E+00 -0.1000000E+02 -0.4687500E+01  0.0000000E+00 -0.1000000E+01  0.0000000E+00  0.4166669E+00
    1  0.0000000E+00 -0.1000000E+02 -0.4062500E+01  0.0000000E+00 -0.1000000E+01  0.0000000E+00  0.4166669E+00
    1  0.0000000E+00 -0.1000000E+02 -0.3437500E+01  0.0000000E+00 -0.1000000E+01  0.0000000E+00  0.4166669E+00
    1  0.0000000E+00 -0.1000000E+02 -0.2812500E+01  0.0000000E+00 -0.1000000E+01  0.0000000E+00  0.4166669E+00
    1  0.0000000E+00 -0.1000000E+02 -0.2187500E+01  0.0000000E+00 -0.1000000E+01  0.0000000E+00  0.4166669E+00
    1  0.0000000E+00 -0.1000000E+02 -0.1562500E+01  0.0000000E+00 -0.1000000E+01  0.0000000E+00  0.4166669E+00
    1  0.0000000E+00 -0.1000000E+02 -0.9375000E+00  0.0000000E+00 -0.1000000E+01  0.0000000E+00  0.4166669E+00
    1  0.0000000E+00 -0.1000000E+02 -0.3125000E+00  0.0000000E+00 -0.1000000E+01  0.0000000E+00  0.4166669E+00
    1 -0.6666667E+00 -0.1000000E+02 -0.4687500E+01  0.0000000E+00 -0.1000000E+01  0.0000000E+00  0.4166666E+00
    1 -0.6666667E+00 -0.1000000E+02 -0.4062500E+01  0.0000000E+00 -0.1000000E+01  0.0000000E+00  0.4166666E+00
    1 -0.6666667E+00 -0.1000000E+02 -0.3437500E+01  0.0000000E+00 -0.1000000E+01  0.0000000E+00  0.4166666E+00
    1 -0.6666667E+00 -0.1000000E+02 -0.2812500E+01  0.0000000E+00 -0.1000000E+01  0.0000000E+00  0.4166666E+00
    1 -0.6666667E+00 -0.1000000E+02 -0.2187500E+01  0.0000000E+00 -0.1000000E+01  0.0000000E+00  0.4166666E+00
    1 -0.6666667E+00 -0.1000000E+02 -0.1562500E+01  0.0000000E+00 -0.1000000E+01  0.0000000E+00  0.4166666E+00
    1 -0.6666667E+00 -0.1000000E+02 -0.9375000E+00  0.0000000E+00 -0.1000000E+01  0.0000000E+00  0.4166666E+00
    1 -0.6666667E+00 -0.1000000E+02 -0.3125000E+00  0.0000000E+00 -0.1000000E+01  0.0000000E+00  0.4166666E+00
    1 -0.1333333E+01 -0.1000000E+02 -0.4687500E+01  0.0000000E+00 -0.1000000E+01  0.0000000E+00  0.4166666E+00
    1 -0.1333333E+01 -0.1000000E+02 -0.4062500E+01  0.0000000E+00 -0.1000000E+01  0.0000000E+00  0.4166666E+00
    1 -0.1333333E+01 -0.1000000E+02 -0.3437500E+01  0.0000000E+00 -0.1000000E+01  0.0000000E+00  0.4166666E+00
    1 -0.1333333E+01 -0.1000000E+02 -0.2812500E+01  0.0000000E+00 -0.1000000E+01  0.0000000E+00  0.4166666E+00
    1 -0.1333333E+01 -0.1000000E+02 -0.2187500E+01  0.0000000E+00 -0.1000000E+01  0.0000000E+00  0.4166666E+00
    1 -0.1333333E+01 -0.1000000E+02 -0.1562500E+01  0.0000000E+00 -0.1000000E+01  0.0000000E+00  0.4166666E+00
    1 -0.1333333E+01 -0.1000000E+02 -0.9375000E+00  0.0000000E+00 -0.1000000E+01  0.0000000E+00  0.4166666E+00
    1 -0.1333333E+01 -0.1000000E+02 -0.3125000E+00  0.0000000E+00 -0.1000000E+01  0.0000000E+00  0.4166666E+00
    1 -0.2000000E+01 -0.1000000E+02 -0.4687500E+01  0.0000000E+00 -0.1000000E+01  0.0000000E+00  0.4166667E+00
    1 -0.2000000E+01 -0.1000000E+02 -0.4062500E+01  0.0000000E+00 -0.1000000E+01  0.0000000E+00  0.4166669E+00
    1 -0.2000000E+01 -0.1000000E+02 -0.3437500E+01  0.0000000E+00 -0.1000000E+01  0.0000000E+00  0.4166669E+00
    1 -0.2000000E+01 -0.1000000E+02 -0.2812500E+01  0.0000000E+00 -0.1000000E+01  0.0000000E+00  0.4166669E+00
    1 -0.2000000E+01 -0.1000000E+02 -0.2187500E+01  0.0000000E+00 -0.1000000E+01  0.0000000E+00  0.4166669E+00
    1 -0.2000000E+01 -0.1000000E+02 -0.1562500E+01  0.0000000E+00 -0.1000000E+01  0.0000000E+00  0.4166669E+00
    1 -0.2000000E+01 -0.1000000E+02 -0.9375000E+00  0.0000000E+00 -0.1000000E+01  0.0000000E+00  0.4166669E+00
    1 -0.2000000E+01 -0.1000000E+02 -0.3125000E+00  0.0000000E+00 -0.1000000E+01  0.0000000E+00  0.4166669E+00
    1 -0.2666667E+01 -0.1000000E+02 -0.4687500E+01  0.0000000E+00 -0.1000000E+01  0.0000000E+00  0.4166666E+00
    1 -0.2666667E+01 -0.1000000E+02 -0.4062500E+01  0.0000000E+00 -0.1000000E+01  0.0000000E+00  0.4166666E+00
    1 -0.2666667E+01 -0.1000000E+02 -0.3437500E+01  0.0000000E+00 -0.1000000E+01  0.0000000E+00  0.4166666E+00
    1 -0.2666667E+01 -0.1000000E+02 -0.2812500E+01  0.0000000E+00 -0.1000000E+01  0.0000000E+00  0.4166666E+00
    1 -0.2666667E+01 -0.1000000E+02 -0.2187500E+01  0.0000000E+00 -0.1000000E+01  0.0000000E+00  0.4166666E+00
    1 -0.2666667E+01 -0.1000000E+02 -0.1562500E+01  0.0000000E+00 -0.1000000E+01  0.0000000E+00  0.4166666E+00
    1 -0.2666667E+01 -0.1000000E+02 -0.9375000E+00  0.0000000E+00 -0.1000000E+01  0.0000000E+00  0.4166666E+00
    1 -0.2666667E+01 -0.1000000E+02 -0.3125000E+00  0.0000000E+00 -0.1000000E+01  0.0000000E+00  0.4166666E+00
    1 -0.3333333E+01 -0.1000000E+02 -0.4687500E+01  0.0000000E+00 -0.1000000E+01  0.0000000E+00  0.4166667E+00
    1 -0.3333333E+01 -0.1000000E+02 -0.4062500E+01  0.0000000E+00 -0.1000000E+01  0.0000000E+00  0.4166669E+00
    1 -0.3333333E+01 -0.1000000E+02 -0.3437500E+01  0.0000000E+00 -0.1000000E+01  0.0000000E+00  0.4166669E+00
    1 -0.3333333E+01 -0.1000000E+02 -0.2812500E+01  0.0000000E+00 -0.1000000E+01  0.0000000E+00  0.4166669E+00
    1 -0.3333333E+01 -0.1000000E+02 -0.2187500E+01  0.0000000E+00 -0.1000000E+01  0.0000000E+00  0.4166669E+00
    1 -0.3333333E+01 -0.1000000E+02 -0.1562500E+01  0.0000000E+00 -0.1000000E+01  0.0000000E+00  0.4166669E+00
    1 -0.3333333E+01 -0.1000000E+02 -0.9375000E+00  0.0000000E+00 -0.1000000E+01  0.0000000E+00  0.4166669E+00
    1 -0.3333333E+01 -0.1000000E+02 -0.3125000E+00  0.0000000E+00 -0.1000000E+01  0.0000000E+00  0.4166669E+00
    1 -0.4000000E+01 -0.1000000E+02 -0.4687500E+01  0.0000000E+00 -0.1000000E+01  0.0000000E+00  0.4166666E+00
    1 -0.4000000E+01 -0.1000000E+02 -0.4062500E+01  0.0000000E+00 -0.1000000E+01  0.0000000E+00  0.4166663E+00
    1 -0.4000000E+01 -0.1000000E+02 -0.3437500E+01  0.0000000E+00 -0.1000000E+01  0.0000000E+00  0.4166663E+00
    1 -0.4000000E+01 -0.1000000E+02 -0.2812500E+01  0.0000000E+00 -0.1000000E+01  0.0000000E+00  0.4166663E+00
    1 -0.4000000E+01 -0.1000000E+02 -0.2187500E+01  0.0000000E+00 -0.1000000E+01  0.0000000E+00  0.4166663E+00
    1 -0.4000000E+01 -0.1000000E+02 -0.1562500E+01  0.0000000E+00 -0.1000000E+01  0.0000000E+00  0.4166663E+00
    1 -0.4000000E+01 -0.1000000E+02 -0.9375000E+00  0.0000000E+00 -0.1000000E+01  0.0000000E+00  0.4166663E+00
    1 -0.4000000E+01 -0.1000000E+02 -0.3125000E+00  0.0000000E+00 -0.1000000E+01  0.0000000E+00  0.4166663E+00
    1 -0.4666666E+01 -0.1000000E+02 -0.4687500E+01  0.0000000E+00 -0.1000000E+01  0.0000000E+00  0.4166667E+00
    1 -0.4666667E+01 -0.1000000E+02 -0.4062500E+01  0.0000000E+00 -0.1000000E+01  0.0000000E+00  0.4166669E+00
    1 -0.4666667E+01 -0.1000000E+02 -0.3437500E+01  0.0000000E+00 -0.1000000E+01  0.0000000E+00  0.4166669E+00
    1 -0.4666667E+01 -0.1000000E+02 -0.2812500E+01  0.0000000E+00 -0.1000000E+01  0.0000000E+00  0.4166669E+00
    1 -0.4666667E+01 -0.1000000E+02 -0.2187500E+01  0.0000000E+00 -0.1000000E+01  0.0000000E+00  0.4166669E+00
    1 -0.4666667E+01 -0.1000000E+02 -0.1562500E+01  0.0000000E+00 -0.1000000E+01  0.0000000E+00  0.4166669E+00
    1 -0.4666667E+01 -0.1000000E+02 -0.9375000E+00  0.0000000E+00 -0.1000000E+01  0.0000000E+00  0.4166669E+00
    1 -0.4666667E+01 -0.1000000E+02 -0.3125000E+00  0.0000000E+00 -0.1000000E+01  0.0000000E+00  0.4166669E+00
           0
