  2   0
     1 -0.5000000E+01 -0.1000000E+02 -0.5000000E+01
     2 -0.5000000E+01 -0.1000000E+02 -0.4375000E+01
     3 -0.5000000E+01 -0.1000000E+02 -0.3750000E+01
     4 -0.5000000E+01 -0.1000000E+02 -0.3125000E+01
     5 -0.5000000E+01 -0.1000000E+02 -0.2500000E+01
     6 -0.5000000E+01 -0.1000000E+02 -0.1875000E+01
     7 -0.5000000E+01 -0.1000000E+02 -0.1250000E+01
     8 -0.5000000E+01 -0.1000000E+02 -0.6250000E+00
     9 -0.5000000E+01 -0.1000000E+02  0.0000000E+00
    10 -0.5000000E+01 -0.9333333E+01 -0.5000000E+01
    11 -0.5000000E+01 -0.9333333E+01 -0.4375000E+01
    12 -0.5000000E+01 -0.9333333E+01 -0.3750000E+01
    13 -0.5000000E+01 -0.9333333E+01 -0.3125000E+01
    14 -0.5000000E+01 -0.9333333E+01 -0.2500000E+01
    15 -0.5000000E+01 -0.9333333E+01 -0.1875000E+01
    16 -0.5000000E+01 -0.9333333E+01 -0.1250000E+01
    17 -0.5000000E+01 -0.9333333E+01 -0.6250000E+00
    18 -0.5000000E+01 -0.9333333E+01  0.0000000E+00
    19 -0.5000000E+01 -0.8666667E+01 -0.5000000E+01
    20 -0.5000000E+01 -0.8666667E+01 -0.4375000E+01
    21 -0.5000000E+01 -0.8666667E+01 -0.3750000E+01
    22 -0.5000000E+01 -0.8666667E+01 -0.3125000E+01
    23 -0.5000000E+01 -0.8666667E+01 -0.2500000E+01
    24 -0.5000000E+01 -0.8666667E+01 -0.1875000E+01
    25 -0.5000000E+01 -0.8666667E+01 -0.1250000E+01
    26 -0.5000000E+01 -0.8666667E+01 -0.6250000E+00
    27 -0.5000000E+01 -0.8666667E+01  0.0000000E+00
    28 -0.5000000E+01 -0.8000000E+01 -0.5000000E+01
    29 -0.5000000E+01 -0.8000000E+01 -0.4375000E+01
    30 -0.5000000E+01 -0.8000000E+01 -0.3750000E+01
    31 -0.5000000E+01 -0.8000000E+01 -0.3125000E+01
    32 -0.5000000E+01 -0.8000000E+01 -0.2500000E+01
    33 -0.5000000E+01 -0.8000000E+01 -0.1875000E+01
    34 -0.5000000E+01 -0.8000000E+01 -0.1250000E+01
    35 -0.5000000E+01 -0.8000000E+01 -0.6250000E+00
    36 -0.5000000E+01 -0.8000000E+01  0.0000000E+00
    37 -0.5000000E+01 -0.7333333E+01 -0.5000000E+01
    38 -0.5000000E+01 -0.7333333E+01 -0.4375000E+01
    39 -0.5000000E+01 -0.7333333E+01 -0.3750000E+01
    40 -0.5000000E+01 -0.7333333E+01 -0.3125000E+01
    41 -0.5000000E+01 -0.7333333E+01 -0.2500000E+01
    42 -0.5000000E+01 -0.7333333E+01 -0.1875000E+01
    43 -0.5000000E+01 -0.7333333E+01 -0.1250000E+01
    44 -0.5000000E+01 -0.7333333E+01 -0.6250000E+00
    45 -0.5000000E+01 -0.7333333E+01  0.0000000E+00
    46 -0.5000000E+01 -0.6666667E+01 -0.5000000E+01
    47 -0.5000000E+01 -0.6666667E+01 -0.4375000E+01
    48 -0.5000000E+01 -0.6666667E+01 -0.3750000E+01
    49 -0.5000000E+01 -0.6666667E+01 -0.3125000E+01
    50 -0.5000000E+01 -0.6666667E+01 -0.2500000E+01
    51 -0.5000000E+01 -0.6666667E+01 -0.1875000E+01
    52 -0.5000000E+01 -0.6666667E+01 -0.1250000E+01
    53 -0.5000000E+01 -0.6666667E+01 -0.6250000E+00
    54 -0.5000000E+01 -0.6666667E+01  0.0000000E+00
    55 -0.5000000E+01 -0.6000000E+01 -0.5000000E+01
    56 -0.5000000E+01 -0.6000000E+01 -0.4375000E+01
    57 -0.5000000E+01 -0.6000000E+01 -0.3750000E+01
    58 -0.5000000E+01 -0.6000000E+01 -0.3125000E+01
    59 -0.5000000E+01 -0.6000000E+01 -0.2500000E+01
    60 -0.5000000E+01 -0.6000000E+01 -0.1875000E+01
    61 -0.5000000E+01 -0.6000000E+01 -0.1250000E+01
    62 -0.5000000E+01 -0.6000000E+01 -0.6250000E+00
    63 -0.5000000E+01 -0.6000000E+01  0.0000000E+00
    64 -0.5000000E+01 -0.5333333E+01 -0.5000000E+01
    65 -0.5000000E+01 -0.5333333E+01 -0.4375000E+01
    66 -0.5000000E+01 -0.5333333E+01 -0.3750000E+01
    67 -0.5000000E+01 -0.5333333E+01 -0.3125000E+01
    68 -0.5000000E+01 -0.5333333E+01 -0.2500000E+01
    69 -0.5000000E+01 -0.5333333E+01 -0.1875000E+01
    70 -0.5000000E+01 -0.5333333E+01 -0.1250000E+01
    71 -0.5000000E+01 -0.5333333E+01 -0.6250000E+00
    72 -0.5000000E+01 -0.5333333E+01  0.0000000E+00
    73 -0.5000000E+01 -0.4666667E+01 -0.5000000E+01
    74 -0.5000000E+01 -0.4666667E+01 -0.4375000E+01
    75 -0.5000000E+01 -0.4666667E+01 -0.3750000E+01
    76 -0.5000000E+01 -0.4666667E+01 -0.3125000E+01
    77 -0.5000000E+01 -0.4666667E+01 -0.2500000E+01
    78 -0.5000000E+01 -0.4666667E+01 -0.1875000E+01
    79 -0.5000000E+01 -0.4666667E+01 -0.1250000E+01
    80 -0.5000000E+01 -0.4666667E+01 -0.6250000E+00
    81 -0.5000000E+01 -0.4666667E+01  0.0000000E+00
    82 -0.5000000E+01 -0.4000000E+01 -0.5000000E+01
    83 -0.5000000E+01 -0.4000000E+01 -0.4375000E+01
    84 -0.5000000E+01 -0.4000000E+01 -0.3750000E+01
    85 -0.5000000E+01 -0.4000000E+01 -0.3125000E+01
    86 -0.5000000E+01 -0.4000000E+01 -0.2500000E+01
    87 -0.5000000E+01 -0.4000000E+01 -0.1875000E+01
    88 -0.5000000E+01 -0.4000000E+01 -0.1250000E+01
    89 -0.5000000E+01 -0.4000000E+01 -0.6250000E+00
    90 -0.5000000E+01 -0.4000000E+01  0.0000000E+00
    91 -0.5000000E+01 -0.3333333E+01 -0.5000000E+01
    92 -0.5000000E+01 -0.3333333E+01 -0.4375000E+01
    93 -0.5000000E+01 -0.3333333E+01 -0.3750000E+01
    94 -0.5000000E+01 -0.3333333E+01 -0.3125000E+01
    95 -0.5000000E+01 -0.3333333E+01 -0.2500000E+01
    96 -0.5000000E+01 -0.3333333E+01 -0.1875000E+01
    97 -0.5000000E+01 -0.3333333E+01 -0.1250000E+01
    98 -0.5000000E+01 -0.3333333E+01 -0.6250000E+00
    99 -0.5000000E+01 -0.3333333E+01  0.0000000E+00
   100 -0.5000000E+01 -0.2666667E+01 -0.5000000E+01
   101 -0.5000000E+01 -0.2666667E+01 -0.4375000E+01
   102 -0.5000000E+01 -0.2666667E+01 -0.3750000E+01
   103 -0.5000000E+01 -0.2666667E+01 -0.3125000E+01
   104 -0.5000000E+01 -0.2666667E+01 -0.2500000E+01
   105 -0.5000000E+01 -0.2666667E+01 -0.1875000E+01
   106 -0.5000000E+01 -0.2666667E+01 -0.1250000E+01
   107 -0.5000000E+01 -0.2666667E+01 -0.6250000E+00
   108 -0.5000000E+01 -0.2666667E+01  0.0000000E+00
   109 -0.5000000E+01 -0.2000000E+01 -0.5000000E+01
   110 -0.5000000E+01 -0.2000000E+01 -0.4375000E+01
   111 -0.5000000E+01 -0.2000000E+01 -0.3750000E+01
   112 -0.5000000E+01 -0.2000000E+01 -0.3125000E+01
   113 -0.5000000E+01 -0.2000000E+01 -0.2500000E+01
   114 -0.5000000E+01 -0.2000000E+01 -0.1875000E+01
   115 -0.5000000E+01 -0.2000000E+01 -0.1250000E+01
   116 -0.5000000E+01 -0.2000000E+01 -0.6250000E+00
   117 -0.5000000E+01 -0.2000000E+01  0.0000000E+00
   118 -0.5000000E+01 -0.1333333E+01 -0.5000000E+01
   119 -0.5000000E+01 -0.1333333E+01 -0.4375000E+01
   120 -0.5000000E+01 -0.1333333E+01 -0.3750000E+01
   121 -0.5000000E+01 -0.1333333E+01 -0.3125000E+01
   122 -0.5000000E+01 -0.1333333E+01 -0.2500000E+01
   123 -0.5000000E+01 -0.1333333E+01 -0.1875000E+01
   124 -0.5000000E+01 -0.1333333E+01 -0.1250000E+01
   125 -0.5000000E+01 -0.1333333E+01 -0.6250000E+00
   126 -0.5000000E+01 -0.1333333E+01  0.0000000E+00
   127 -0.5000000E+01 -0.6666670E+00 -0.5000000E+01
   128 -0.5000000E+01 -0.6666670E+00 -0.4375000E+01
   129 -0.5000000E+01 -0.6666670E+00 -0.3750000E+01
   130 -0.5000000E+01 -0.6666670E+00 -0.3125000E+01
   131 -0.5000000E+01 -0.6666670E+00 -0.2500000E+01
   132 -0.5000000E+01 -0.6666670E+00 -0.1875000E+01
   133 -0.5000000E+01 -0.6666670E+00 -0.1250000E+01
   134 -0.5000000E+01 -0.6666670E+00 -0.6250000E+00
   135 -0.5000000E+01 -0.6666670E+00  0.0000000E+00
   136 -0.5000000E+01  0.0000000E+00 -0.5000000E+01
   137 -0.5000000E+01  0.0000000E+00 -0.4375000E+01
   138 -0.5000000E+01  0.0000000E+00 -0.3750000E+01
   139 -0.5000000E+01  0.0000000E+00 -0.3125000E+01
   140 -0.5000000E+01  0.0000000E+00 -0.2500000E+01
   141 -0.5000000E+01  0.0000000E+00 -0.1875000E+01
   142 -0.5000000E+01  0.0000000E+00 -0.1250000E+01
   143 -0.5000000E+01  0.0000000E+00 -0.6250000E+00
   144 -0.5000000E+01  0.0000000E+00  0.0000000E+00
   145 -0.4333333E+01  0.0000000E+00 -0.5000000E+01
   146 -0.3666667E+01  0.0000000E+00 -0.5000000E+01
   147 -0.3000000E+01  0.0000000E+00 -0.5000000E+01
   148 -0.2333333E+01  0.0000000E+00 -0.5000000E+01
   149 -0.1666667E+01  0.0000000E+00 -0.5000000E+01
   150 -0.1000000E+01  0.0000000E+00 -0.5000000E+01
   151 -0.3333335E+00  0.0000000E+00 -0.5000000E+01
   152  0.3333335E+00  0.0000000E+00 -0.5000000E+01
   153  0.1000000E+01  0.0000000E+00 -0.5000000E+01
   154  0.1666667E+01  0.0000000E+00 -0.5000000E+01
   155  0.2333333E+01  0.0000000E+00 -0.5000000E+01
   156  0.3000000E+01  0.0000000E+00 -0.5000000E+01
   157  0.3666667E+01  0.0000000E+00 -0.5000000E+01
   158  0.4333333E+01  0.0000000E+00 -0.5000000E+01
   159  0.5000000E+01  0.0000000E+00 -0.5000000E+01
   160 -0.4333333E+01 -0.6666667E+00 -0.5000000E+01
   161 -0.3666667E+01 -0.6666667E+00 -0.5000000E+01
   162 -0.3000000E+01 -0.6666667E+00 -0.5000000E+01
   163 -0.2333333E+01 -0.6666667E+00 -0.5000000E+01
   164 -0.1666667E+01 -0.6666667E+00 -0.5000000E+01
   165 -0.1000000E+01 -0.6666667E+00 -0.5000000E+01
   166 -0.3333335E+00 -0.6666667E+00 -0.5000000E+01
   167  0.3333335E+00 -0.6666667E+00 -0.5000000E+01
   168  0.1000000E+01 -0.6666667E+00 -0.5000000E+01
   169  0.1666667E+01 -0.6666667E+00 -0.5000000E+01
   170  0.2333333E+01 -0.6666667E+00 -0.5000000E+01
   171  0.3000000E+01 -0.6666667E+00 -0.5000000E+01
   172  0.3666667E+01 -0.6666667E+00 -0.5000000E+01
   173  0.4333333E+01 -0.6666667E+00 -0.5000000E+01
   174  0.5000000E+01 -0.6666667E+00 -0.5000000E+01
   175 -0.4333333E+01 -0.1333333E+01 -0.5000000E+01
   176 -0.3666667E+01 -0.1333333E+01 -0.5000000E+01
   177 -0.3000000E+01 -0.1333333E+01 -0.5000000E+01
   178 -0.2333333E+01 -0.1333333E+01 -0.5000000E+01
   179 -0.1666667E+01 -0.1333333E+01 -0.5000000E+01
   180 -0.1000000E+01 -0.1333333E+01 -0.5000000E+01
   181 -0.3333335E+00 -0.1333333E+01 -0.5000000E+01
   182  0.3333335E+00 -0.1333333E+01 -0.5000000E+01
   183  0.1000000E+01 -0.1333333E+01 -0.5000000E+01
   184  0.1666667E+01 -0.1333333E+01 -0.5000000E+01
   185  0.2333333E+01 -0.1333333E+01 -0.5000000E+01
   186  0.3000000E+01 -0.1333333E+01 -0.5000000E+01
   187  0.3666667E+01 -0.1333333E+01 -0.5000000E+01
   188  0.4333333E+01 -0.1333333E+01 -0.5000000E+01
   189  0.5000000E+01 -0.1333333E+01 -0.5000000E+01
   190 -0.4333333E+01 -0.2000000E+01 -0.5000000E+01
   191 -0.3666667E+01 -0.2000000E+01 -0.5000000E+01
   192 -0.3000000E+01 -0.2000000E+01 -0.5000000E+01
   193 -0.2333333E+01 -0.2000000E+01 -0.5000000E+01
   194 -0.1666667E+01 -0.2000000E+01 -0.5000000E+01
   195 -0.1000000E+01 -0.2000000E+01 -0.5000000E+01
   196 -0.3333335E+00 -0.2000000E+01 -0.5000000E+01
   197  0.3333335E+00 -0.2000000E+01 -0.5000000E+01
   198  0.1000000E+01 -0.2000000E+01 -0.5000000E+01
   199  0.1666667E+01 -0.2000000E+01 -0.5000000E+01
   200  0.2333333E+01 -0.2000000E+01 -0.5000000E+01
   201  0.3000000E+01 -0.2000000E+01 -0.5000000E+01
   202  0.3666667E+01 -0.2000000E+01 -0.5000000E+01
   203  0.4333333E+01 -0.2000000E+01 -0.5000000E+01
   204  0.5000000E+01 -0.2000000E+01 -0.5000000E+01
   205 -0.4333333E+01 -0.2666667E+01 -0.5000000E+01
   206 -0.3666667E+01 -0.2666667E+01 -0.5000000E+01
   207 -0.3000000E+01 -0.2666667E+01 -0.5000000E+01
   208 -0.2333333E+01 -0.2666667E+01 -0.5000000E+01
   209 -0.1666667E+01 -0.2666667E+01 -0.5000000E+01
   210 -0.1000000E+01 -0.2666667E+01 -0.5000000E+01
   211 -0.3333335E+00 -0.2666667E+01 -0.5000000E+01
   212  0.3333335E+00 -0.2666667E+01 -0.5000000E+01
   213  0.1000000E+01 -0.2666667E+01 -0.5000000E+01
   214  0.1666667E+01 -0.2666667E+01 -0.5000000E+01
   215  0.2333333E+01 -0.2666667E+01 -0.5000000E+01
   216  0.3000000E+01 -0.2666667E+01 -0.5000000E+01
   217  0.3666667E+01 -0.2666667E+01 -0.5000000E+01
   218  0.4333333E+01 -0.2666667E+01 -0.5000000E+01
   219  0.5000000E+01 -0.2666667E+01 -0.5000000E+01
   220 -0.4333333E+01 -0.3333333E+01 -0.5000000E+01
   221 -0.3666667E+01 -0.3333333E+01 -0.5000000E+01
   222 -0.3000000E+01 -0.3333333E+01 -0.5000000E+01
   223 -0.2333333E+01 -0.3333333E+01 -0.5000000E+01
   224 -0.1666667E+01 -0.3333333E+01 -0.5000000E+01
   225 -0.1000000E+01 -0.3333333E+01 -0.5000000E+01
   226 -0.3333335E+00 -0.3333333E+01 -0.5000000E+01
   227  0.3333335E+00 -0.3333333E+01 -0.5000000E+01
   228  0.1000000E+01 -0.3333333E+01 -0.5000000E+01
   229  0.1666667E+01 -0.3333333E+01 -0.5000000E+01
   230  0.2333333E+01 -0.3333333E+01 -0.5000000E+01
   231  0.3000000E+01 -0.3333333E+01 -0.5000000E+01
   232  0.3666667E+01 -0.3333333E+01 -0.5000000E+01
   233  0.4333333E+01 -0.3333333E+01 -0.5000000E+01
   234  0.5000000E+01 -0.3333333E+01 -0.5000000E+01
   235 -0.4333333E+01 -0.4000000E+01 -0.5000000E+01
   236 -0.3666667E+01 -0.4000000E+01 -0.5000000E+01
   237 -0.3000000E+01 -0.4000000E+01 -0.5000000E+01
   238 -0.2333333E+01 -0.4000000E+01 -0.5000000E+01
   239 -0.1666667E+01 -0.4000000E+01 -0.5000000E+01
   240 -0.1000000E+01 -0.4000000E+01 -0.5000000E+01
   241 -0.3333335E+00 -0.4000000E+01 -0.5000000E+01
   242  0.3333335E+00 -0.4000000E+01 -0.5000000E+01
   243  0.1000000E+01 -0.4000000E+01 -0.5000000E+01
   244  0.1666667E+01 -0.4000000E+01 -0.5000000E+01
   245  0.2333333E+01 -0.4000000E+01 -0.5000000E+01
   246  0.3000000E+01 -0.4000000E+01 -0.5000000E+01
   247  0.3666667E+01 -0.4000000E+01 -0.5000000E+01
   248  0.4333333E+01 -0.4000000E+01 -0.5000000E+01
   249  0.5000000E+01 -0.4000000E+01 -0.5000000E+01
   250 -0.4333333E+01 -0.4666667E+01 -0.5000000E+01
   251 -0.3666667E+01 -0.4666667E+01 -0.5000000E+01
   252 -0.3000000E+01 -0.4666667E+01 -0.5000000E+01
   253 -0.2333333E+01 -0.4666667E+01 -0.5000000E+01
   254 -0.1666667E+01 -0.4666667E+01 -0.5000000E+01
   255 -0.1000000E+01 -0.4666667E+01 -0.5000000E+01
   256 -0.3333335E+00 -0.4666667E+01 -0.5000000E+01
   257  0.3333335E+00 -0.4666667E+01 -0.5000000E+01
   258  0.1000000E+01 -0.4666667E+01 -0.5000000E+01
   259  0.1666667E+01 -0.4666667E+01 -0.5000000E+01
   260  0.2333333E+01 -0.4666667E+01 -0.5000000E+01
   261  0.3000000E+01 -0.4666667E+01 -0.5000000E+01
   262  0.3666667E+01 -0.4666667E+01 -0.5000000E+01
   263  0.4333333E+01 -0.4666667E+01 -0.5000000E+01
   264  0.5000000E+01 -0.4666667E+01 -0.5000000E+01
   265 -0.4333333E+01 -0.5333333E+01 -0.5000000E+01
   266 -0.3666667E+01 -0.5333333E+01 -0.5000000E+01
   267 -0.3000000E+01 -0.5333333E+01 -0.5000000E+01
   268 -0.2333333E+01 -0.5333333E+01 -0.5000000E+01
   269 -0.1666667E+01 -0.5333333E+01 -0.5000000E+01
   270 -0.1000000E+01 -0.5333333E+01 -0.5000000E+01
   271 -0.3333335E+00 -0.5333333E+01 -0.5000000E+01
   272  0.3333335E+00 -0.5333333E+01 -0.5000000E+01
   273  0.1000000E+01 -0.5333333E+01 -0.5000000E+01
   274  0.1666667E+01 -0.5333333E+01 -0.5000000E+01
   275  0.2333333E+01 -0.5333333E+01 -0.5000000E+01
   276  0.3000000E+01 -0.5333333E+01 -0.5000000E+01
   277  0.3666667E+01 -0.5333333E+01 -0.5000000E+01
   278  0.4333333E+01 -0.5333333E+01 -0.5000000E+01
   279  0.5000000E+01 -0.5333333E+01 -0.5000000E+01
   280 -0.4333333E+01 -0.6000000E+01 -0.5000000E+01
   281 -0.3666667E+01 -0.6000000E+01 -0.5000000E+01
   282 -0.3000000E+01 -0.6000000E+01 -0.5000000E+01
   283 -0.2333333E+01 -0.6000000E+01 -0.5000000E+01
   284 -0.1666667E+01 -0.6000000E+01 -0.5000000E+01
   285 -0.1000000E+01 -0.6000000E+01 -0.5000000E+01
   286 -0.3333335E+00 -0.6000000E+01 -0.5000000E+01
   287  0.3333335E+00 -0.6000000E+01 -0.5000000E+01
   288  0.1000000E+01 -0.6000000E+01 -0.5000000E+01
   289  0.1666667E+01 -0.6000000E+01 -0.5000000E+01
   290  0.2333333E+01 -0.6000000E+01 -0.5000000E+01
   291  0.3000000E+01 -0.6000000E+01 -0.5000000E+01
   292  0.3666667E+01 -0.6000000E+01 -0.5000000E+01
   293  0.4333333E+01 -0.6000000E+01 -0.5000000E+01
   294  0.5000000E+01 -0.6000000E+01 -0.5000000E+01
   295 -0.4333333E+01 -0.6666667E+01 -0.5000000E+01
   296 -0.3666667E+01 -0.6666667E+01 -0.5000000E+01
   297 -0.3000000E+01 -0.6666667E+01 -0.5000000E+01
   298 -0.2333333E+01 -0.6666667E+01 -0.5000000E+01
   299 -0.1666667E+01 -0.6666667E+01 -0.5000000E+01
   300 -0.1000000E+01 -0.6666667E+01 -0.5000000E+01
   301 -0.3333335E+00 -0.6666667E+01 -0.5000000E+01
   302  0.3333335E+00 -0.6666667E+01 -0.5000000E+01
   303  0.1000000E+01 -0.6666667E+01 -0.5000000E+01
   304  0.1666667E+01 -0.6666667E+01 -0.5000000E+01
   305  0.2333333E+01 -0.6666667E+01 -0.5000000E+01
   306  0.3000000E+01 -0.6666667E+01 -0.5000000E+01
   307  0.3666667E+01 -0.6666667E+01 -0.5000000E+01
   308  0.4333333E+01 -0.6666667E+01 -0.5000000E+01
   309  0.5000000E+01 -0.6666667E+01 -0.5000000E+01
   310 -0.4333333E+01 -0.7333333E+01 -0.5000000E+01
   311 -0.3666667E+01 -0.7333333E+01 -0.5000000E+01
   312 -0.3000000E+01 -0.7333333E+01 -0.5000000E+01
   313 -0.2333333E+01 -0.7333333E+01 -0.5000000E+01
   314 -0.1666667E+01 -0.7333333E+01 -0.5000000E+01
   315 -0.1000000E+01 -0.7333333E+01 -0.5000000E+01
   316 -0.3333335E+00 -0.7333333E+01 -0.5000000E+01
   317  0.3333335E+00 -0.7333333E+01 -0.5000000E+01
   318  0.1000000E+01 -0.7333333E+01 -0.5000000E+01
   319  0.1666667E+01 -0.7333333E+01 -0.5000000E+01
   320  0.2333333E+01 -0.7333333E+01 -0.5000000E+01
   321  0.3000000E+01 -0.7333333E+01 -0.5000000E+01
   322  0.3666667E+01 -0.7333333E+01 -0.5000000E+01
   323  0.4333333E+01 -0.7333333E+01 -0.5000000E+01
   324  0.5000000E+01 -0.7333333E+01 -0.5000000E+01
   325 -0.4333333E+01 -0.8000000E+01 -0.5000000E+01
   326 -0.3666667E+01 -0.8000000E+01 -0.5000000E+01
   327 -0.3000000E+01 -0.8000000E+01 -0.5000000E+01
   328 -0.2333333E+01 -0.8000000E+01 -0.5000000E+01
   329 -0.1666667E+01 -0.8000000E+01 -0.5000000E+01
   330 -0.1000000E+01 -0.8000000E+01 -0.5000000E+01
   331 -0.3333335E+00 -0.8000000E+01 -0.5000000E+01
   332  0.3333335E+00 -0.8000000E+01 -0.5000000E+01
   333  0.1000000E+01 -0.8000000E+01 -0.5000000E+01
   334  0.1666667E+01 -0.8000000E+01 -0.5000000E+01
   335  0.2333333E+01 -0.8000000E+01 -0.5000000E+01
   336  0.3000000E+01 -0.8000000E+01 -0.5000000E+01
   337  0.3666667E+01 -0.8000000E+01 -0.5000000E+01
   338  0.4333333E+01 -0.8000000E+01 -0.5000000E+01
   339  0.5000000E+01 -0.8000000E+01 -0.5000000E+01
   340 -0.4333333E+01 -0.8666667E+01 -0.5000000E+01
   341 -0.3666667E+01 -0.8666667E+01 -0.5000000E+01
   342 -0.3000000E+01 -0.8666667E+01 -0.5000000E+01
   343 -0.2333333E+01 -0.8666667E+01 -0.5000000E+01
   344 -0.1666667E+01 -0.8666667E+01 -0.5000000E+01
   345 -0.1000000E+01 -0.8666667E+01 -0.5000000E+01
   346 -0.3333335E+00 -0.8666667E+01 -0.5000000E+01
   347  0.3333335E+00 -0.8666667E+01 -0.5000000E+01
   348  0.1000000E+01 -0.8666667E+01 -0.5000000E+01
   349  0.1666667E+01 -0.8666667E+01 -0.5000000E+01
   350  0.2333333E+01 -0.8666667E+01 -0.5000000E+01
   351  0.3000000E+01 -0.8666667E+01 -0.5000000E+01
   352  0.3666667E+01 -0.8666667E+01 -0.5000000E+01
   353  0.4333333E+01 -0.8666667E+01 -0.5000000E+01
   354  0.5000000E+01 -0.8666667E+01 -0.5000000E+01
   355 -0.4333333E+01 -0.9333333E+01 -0.5000000E+01
   356 -0.3666667E+01 -0.9333333E+01 -0.5000000E+01
   357 -0.3000000E+01 -0.9333333E+01 -0.5000000E+01
   358 -0.2333333E+01 -0.9333333E+01 -0.5000000E+01
   359 -0.1666667E+01 -0.9333333E+01 -0.5000000E+01
   360 -0.1000000E+01 -0.9333333E+01 -0.5000000E+01
   361 -0.3333335E+00 -0.9333333E+01 -0.5000000E+01
   362  0.3333335E+00 -0.9333333E+01 -0.5000000E+01
   363  0.1000000E+01 -0.9333333E+01 -0.5000000E+01
   364  0.1666667E+01 -0.9333333E+01 -0.5000000E+01
   365  0.2333333E+01 -0.9333333E+01 -0.5000000E+01
   366  0.3000000E+01 -0.9333333E+01 -0.5000000E+01
   367  0.3666667E+01 -0.9333333E+01 -0.5000000E+01
   368  0.4333333E+01 -0.9333333E+01 -0.5000000E+01
   369  0.5000000E+01 -0.9333333E+01 -0.5000000E+01
   370 -0.4333333E+01 -0.1000000E+02 -0.5000000E+01
   371 -0.3666667E+01 -0.1000000E+02 -0.5000000E+01
   372 -0.3000000E+01 -0.1000000E+02 -0.5000000E+01
   373 -0.2333333E+01 -0.1000000E+02 -0.5000000E+01
   374 -0.1666667E+01 -0.1000000E+02 -0.5000000E+01
   375 -0.1000000E+01 -0.1000000E+02 -0.5000000E+01
   376 -0.3333335E+00 -0.1000000E+02 -0.5000000E+01
   377  0.3333335E+00 -0.1000000E+02 -0.5000000E+01
   378  0.1000000E+01 -0.1000000E+02 -0.5000000E+01
   379  0.1666667E+01 -0.1000000E+02 -0.5000000E+01
   380  0.2333333E+01 -0.1000000E+02 -0.5000000E+01
   381  0.3000000E+01 -0.1000000E+02 -0.5000000E+01
   382  0.3666667E+01 -0.1000000E+02 -0.5000000E+01
   383  0.4333333E+01 -0.1000000E+02 -0.5000000E+01
   384  0.5000000E+01 -0.1000000E+02 -0.5000000E+01
   385  0.5000000E+01  0.0000000E+00  0.0000000E+00
   386  0.5000000E+01 -0.6666667E+00  0.0000000E+00
   387  0.5000000E+01 -0.1333333E+01  0.0000000E+00
   388  0.5000000E+01 -0.2000000E+01  0.0000000E+00
   389  0.5000000E+01 -0.2666667E+01  0.0000000E+00
   390  0.5000000E+01 -0.3333333E+01  0.0000000E+00
   391  0.5000000E+01 -0.4000000E+01  0.0000000E+00
   392  0.5000000E+01 -0.4666667E+01  0.0000000E+00
   393  0.5000000E+01 -0.5333333E+01  0.0000000E+00
   394  0.5000000E+01 -0.6000000E+01  0.0000000E+00
   395  0.5000000E+01 -0.6666667E+01  0.0000000E+00
   396  0.5000000E+01 -0.7333333E+01  0.0000000E+00
   397  0.5000000E+01 -0.8000000E+01  0.0000000E+00
   398  0.5000000E+01 -0.8666667E+01  0.0000000E+00
   399  0.5000000E+01 -0.9333333E+01  0.0000000E+00
   400  0.5000000E+01 -0.1000000E+02  0.0000000E+00
   401  0.5000000E+01  0.0000000E+00 -0.6250000E+00
   402  0.5000000E+01 -0.6666667E+00 -0.6250000E+00
   403  0.5000000E+01 -0.1333333E+01 -0.6250000E+00
   404  0.5000000E+01 -0.2000000E+01 -0.6250000E+00
   405  0.5000000E+01 -0.2666667E+01 -0.6250000E+00
   406  0.5000000E+01 -0.3333333E+01 -0.6250000E+00
   407  0.5000000E+01 -0.4000000E+01 -0.6250000E+00
   408  0.5000000E+01 -0.4666667E+01 -0.6250000E+00
   409  0.5000000E+01 -0.5333333E+01 -0.6250000E+00
   410  0.5000000E+01 -0.6000000E+01 -0.6250000E+00
   411  0.5000000E+01 -0.6666667E+01 -0.6250000E+00
   412  0.5000000E+01 -0.7333333E+01 -0.6250000E+00
   413  0.5000000E+01 -0.8000000E+01 -0.6250000E+00
   414  0.5000000E+01 -0.8666667E+01 -0.6250000E+00
   415  0.5000000E+01 -0.9333333E+01 -0.6250000E+00
   416  0.5000000E+01 -0.1000000E+02 -0.6250000E+00
   417  0.5000000E+01  0.0000000E+00 -0.1250000E+01
   418  0.5000000E+01 -0.6666667E+00 -0.1250000E+01
   419  0.5000000E+01 -0.1333333E+01 -0.1250000E+01
   420  0.5000000E+01 -0.2000000E+01 -0.1250000E+01
   421  0.5000000E+01 -0.2666667E+01 -0.1250000E+01
   422  0.5000000E+01 -0.3333333E+01 -0.1250000E+01
   423  0.5000000E+01 -0.4000000E+01 -0.1250000E+01
   424  0.5000000E+01 -0.4666667E+01 -0.1250000E+01
   425  0.5000000E+01 -0.5333333E+01 -0.1250000E+01
   426  0.5000000E+01 -0.6000000E+01 -0.1250000E+01
   427  0.5000000E+01 -0.6666667E+01 -0.1250000E+01
   428  0.5000000E+01 -0.7333333E+01 -0.1250000E+01
   429  0.5000000E+01 -0.8000000E+01 -0.1250000E+01
   430  0.5000000E+01 -0.8666667E+01 -0.1250000E+01
   431  0.5000000E+01 -0.9333333E+01 -0.1250000E+01
   432  0.5000000E+01 -0.1000000E+02 -0.1250000E+01
   433  0.5000000E+01  0.0000000E+00 -0.1875000E+01
   434  0.5000000E+01 -0.6666667E+00 -0.1875000E+01
   435  0.5000000E+01 -0.1333333E+01 -0.1875000E+01
   436  0.5000000E+01 -0.2000000E+01 -0.1875000E+01
   437  0.5000000E+01 -0.2666667E+01 -0.1875000E+01
   438  0.5000000E+01 -0.3333333E+01 -0.1875000E+01
   439  0.5000000E+01 -0.4000000E+01 -0.1875000E+01
   440  0.5000000E+01 -0.4666667E+01 -0.1875000E+01
   441  0.5000000E+01 -0.5333333E+01 -0.1875000E+01
   442  0.5000000E+01 -0.6000000E+01 -0.1875000E+01
   443  0.5000000E+01 -0.6666667E+01 -0.1875000E+01
   444  0.5000000E+01 -0.7333333E+01 -0.1875000E+01
   445  0.5000000E+01 -0.8000000E+01 -0.1875000E+01
   446  0.5000000E+01 -0.8666667E+01 -0.1875000E+01
   447  0.5000000E+01 -0.9333333E+01 -0.1875000E+01
   448  0.5000000E+01 -0.1000000E+02 -0.1875000E+01
   449  0.5000000E+01  0.0000000E+00 -0.2500000E+01
   450  0.5000000E+01 -0.6666667E+00 -0.2500000E+01
   451  0.5000000E+01 -0.1333333E+01 -0.2500000E+01
   452  0.5000000E+01 -0.2000000E+01 -0.2500000E+01
   453  0.5000000E+01 -0.2666667E+01 -0.2500000E+01
   454  0.5000000E+01 -0.3333333E+01 -0.2500000E+01
   455  0.5000000E+01 -0.4000000E+01 -0.2500000E+01
   456  0.5000000E+01 -0.4666667E+01 -0.2500000E+01
   457  0.5000000E+01 -0.5333333E+01 -0.2500000E+01
   458  0.5000000E+01 -0.6000000E+01 -0.2500000E+01
   459  0.5000000E+01 -0.6666667E+01 -0.2500000E+01
   460  0.5000000E+01 -0.7333333E+01 -0.2500000E+01
   461  0.5000000E+01 -0.8000000E+01 -0.2500000E+01
   462  0.5000000E+01 -0.8666667E+01 -0.2500000E+01
   463  0.5000000E+01 -0.9333333E+01 -0.2500000E+01
   464  0.5000000E+01 -0.1000000E+02 -0.2500000E+01
   465  0.5000000E+01  0.0000000E+00 -0.3125000E+01
   466  0.5000000E+01 -0.6666667E+00 -0.3125000E+01
   467  0.5000000E+01 -0.1333333E+01 -0.3125000E+01
   468  0.5000000E+01 -0.2000000E+01 -0.3125000E+01
   469  0.5000000E+01 -0.2666667E+01 -0.3125000E+01
   470  0.5000000E+01 -0.3333333E+01 -0.3125000E+01
   471  0.5000000E+01 -0.4000000E+01 -0.3125000E+01
   472  0.5000000E+01 -0.4666667E+01 -0.3125000E+01
   473  0.5000000E+01 -0.5333333E+01 -0.3125000E+01
   474  0.5000000E+01 -0.6000000E+01 -0.3125000E+01
   475  0.5000000E+01 -0.6666667E+01 -0.3125000E+01
   476  0.5000000E+01 -0.7333333E+01 -0.3125000E+01
   477  0.5000000E+01 -0.8000000E+01 -0.3125000E+01
   478  0.5000000E+01 -0.8666667E+01 -0.3125000E+01
   479  0.5000000E+01 -0.9333333E+01 -0.3125000E+01
   480  0.5000000E+01 -0.1000000E+02 -0.3125000E+01
   481  0.5000000E+01  0.0000000E+00 -0.3750000E+01
   482  0.5000000E+01 -0.6666667E+00 -0.3750000E+01
   483  0.5000000E+01 -0.1333333E+01 -0.3750000E+01
   484  0.5000000E+01 -0.2000000E+01 -0.3750000E+01
   485  0.5000000E+01 -0.2666667E+01 -0.3750000E+01
   486  0.5000000E+01 -0.3333333E+01 -0.3750000E+01
   487  0.5000000E+01 -0.4000000E+01 -0.3750000E+01
   488  0.5000000E+01 -0.4666667E+01 -0.3750000E+01
   489  0.5000000E+01 -0.5333333E+01 -0.3750000E+01
   490  0.5000000E+01 -0.6000000E+01 -0.3750000E+01
   491  0.5000000E+01 -0.6666667E+01 -0.3750000E+01
   492  0.5000000E+01 -0.7333333E+01 -0.3750000E+01
   493  0.5000000E+01 -0.8000000E+01 -0.3750000E+01
   494  0.5000000E+01 -0.8666667E+01 -0.3750000E+01
   495  0.5000000E+01 -0.9333333E+01 -0.3750000E+01
   496  0.5000000E+01 -0.1000000E+02 -0.3750000E+01
   497  0.5000000E+01  0.0000000E+00 -0.4375000E+01
   498  0.5000000E+01 -0.6666667E+00 -0.4375000E+01
   499  0.5000000E+01 -0.1333333E+01 -0.4375000E+01
   500  0.5000000E+01 -0.2000000E+01 -0.4375000E+01
   501  0.5000000E+01 -0.2666667E+01 -0.4375000E+01
   502  0.5000000E+01 -0.3333333E+01 -0.4375000E+01
   503  0.5000000E+01 -0.4000000E+01 -0.4375000E+01
   504  0.5000000E+01 -0.4666667E+01 -0.4375000E+01
   505  0.5000000E+01 -0.5333333E+01 -0.4375000E+01
   506  0.5000000E+01 -0.6000000E+01 -0.4375000E+01
   507  0.5000000E+01 -0.6666667E+01 -0.4375000E+01
   508  0.5000000E+01 -0.7333333E+01 -0.4375000E+01
   509  0.5000000E+01 -0.8000000E+01 -0.4375000E+01
   510  0.5000000E+01 -0.8666667E+01 -0.4375000E+01
   511  0.5000000E+01 -0.9333333E+01 -0.4375000E+01
   512  0.5000000E+01 -0.1000000E+02 -0.4375000E+01
   513  0.4333333E+01 -0.1000000E+02 -0.4375000E+01
   514  0.4333333E+01 -0.1000000E+02 -0.3750000E+01
   515  0.4333333E+01 -0.1000000E+02 -0.3125000E+01
   516  0.4333333E+01 -0.1000000E+02 -0.2500000E+01
   517  0.4333333E+01 -0.1000000E+02 -0.1875000E+01
   518  0.4333333E+01 -0.1000000E+02 -0.1250000E+01
   519  0.4333333E+01 -0.1000000E+02 -0.6250000E+00
   520  0.4333333E+01 -0.1000000E+02  0.0000000E+00
   521  0.3666667E+01 -0.1000000E+02 -0.4375000E+01
   522  0.3666667E+01 -0.1000000E+02 -0.3750000E+01
   523  0.3666667E+01 -0.1000000E+02 -0.3125000E+01
   524  0.3666667E+01 -0.1000000E+02 -0.2500000E+01
   525  0.3666667E+01 -0.1000000E+02 -0.1875000E+01
   526  0.3666667E+01 -0.1000000E+02 -0.1250000E+01
   527  0.3666667E+01 -0.1000000E+02 -0.6250000E+00
   528  0.3666667E+01 -0.1000000E+02  0.0000000E+00
   529  0.3000000E+01 -0.1000000E+02 -0.4375000E+01
   530  0.3000000E+01 -0.1000000E+02 -0.3750000E+01
   531  0.3000000E+01 -0.1000000E+02 -0.3125000E+01
   532  0.3000000E+01 -0.1000000E+02 -0.2500000E+01
   533  0.3000000E+01 -0.1000000E+02 -0.1875000E+01
   534  0.3000000E+01 -0.1000000E+02 -0.1250000E+01
   535  0.3000000E+01 -0.1000000E+02 -0.6250000E+00
   536  0.3000000E+01 -0.1000000E+02  0.0000000E+00
   537  0.2333333E+01 -0.1000000E+02 -0.4375000E+01
   538  0.2333333E+01 -0.1000000E+02 -0.3750000E+01
   539  0.2333333E+01 -0.1000000E+02 -0.3125000E+01
   540  0.2333333E+01 -0.1000000E+02 -0.2500000E+01
   541  0.2333333E+01 -0.1000000E+02 -0.1875000E+01
   542  0.2333333E+01 -0.1000000E+02 -0.1250000E+01
   543  0.2333333E+01 -0.1000000E+02 -0.6250000E+00
   544  0.2333333E+01 -0.1000000E+02  0.0000000E+00
   545  0.1666667E+01 -0.1000000E+02 -0.4375000E+01
   546  0.1666667E+01 -0.1000000E+02 -0.3750000E+01
   547  0.1666667E+01 -0.1000000E+02 -0.3125000E+01
   548  0.1666667E+01 -0.1000000E+02 -0.2500000E+01
   549  0.1666667E+01 -0.1000000E+02 -0.1875000E+01
   550  0.1666667E+01 -0.1000000E+02 -0.1250000E+01
   551  0.1666667E+01 -0.1000000E+02 -0.6250000E+00
   552  0.1666667E+01 -0.1000000E+02  0.0000000E+00
   553  0.1000000E+01 -0.1000000E+02 -0.4375000E+01
   554  0.1000000E+01 -0.1000000E+02 -0.3750000E+01
   555  0.1000000E+01 -0.1000000E+02 -0.3125000E+01
   556  0.1000000E+01 -0.1000000E+02 -0.2500000E+01
   557  0.1000000E+01 -0.1000000E+02 -0.1875000E+01
   558  0.1000000E+01 -0.1000000E+02 -0.1250000E+01
   559  0.1000000E+01 -0.1000000E+02 -0.6250000E+00
   560  0.1000000E+01 -0.1000000E+02  0.0000000E+00
   561  0.3333335E+00 -0.1000000E+02 -0.4375000E+01
   562  0.3333335E+00 -0.1000000E+02 -0.3750000E+01
   563  0.3333335E+00 -0.1000000E+02 -0.3125000E+01
   564  0.3333335E+00 -0.1000000E+02 -0.2500000E+01
   565  0.3333335E+00 -0.1000000E+02 -0.1875000E+01
   566  0.3333335E+00 -0.1000000E+02 -0.1250000E+01
   567  0.3333335E+00 -0.1000000E+02 -0.6250000E+00
   568  0.3333335E+00 -0.1000000E+02  0.0000000E+00
   569 -0.3333335E+00 -0.1000000E+02 -0.4375000E+01
   570 -0.3333335E+00 -0.1000000E+02 -0.3750000E+01
   571 -0.3333335E+00 -0.1000000E+02 -0.3125000E+01
   572 -0.3333335E+00 -0.1000000E+02 -0.2500000E+01
   573 -0.3333335E+00 -0.1000000E+02 -0.1875000E+01
   574 -0.3333335E+00 -0.1000000E+02 -0.1250000E+01
   575 -0.3333335E+00 -0.1000000E+02 -0.6250000E+00
   576 -0.3333335E+00 -0.1000000E+02  0.0000000E+00
   577 -0.1000000E+01 -0.1000000E+02 -0.4375000E+01
   578 -0.1000000E+01 -0.1000000E+02 -0.3750000E+01
   579 -0.1000000E+01 -0.1000000E+02 -0.3125000E+01
   580 -0.1000000E+01 -0.1000000E+02 -0.2500000E+01
   581 -0.1000000E+01 -0.1000000E+02 -0.1875000E+01
   582 -0.1000000E+01 -0.1000000E+02 -0.1250000E+01
   583 -0.1000000E+01 -0.1000000E+02 -0.6250000E+00
   584 -0.1000000E+01 -0.1000000E+02  0.0000000E+00
   585 -0.1666667E+01 -0.1000000E+02 -0.4375000E+01
   586 -0.1666667E+01 -0.1000000E+02 -0.3750000E+01
   587 -0.1666667E+01 -0.1000000E+02 -0.3125000E+01
   588 -0.1666667E+01 -0.1000000E+02 -0.2500000E+01
   589 -0.1666667E+01 -0.1000000E+02 -0.1875000E+01
   590 -0.1666667E+01 -0.1000000E+02 -0.1250000E+01
   591 -0.1666667E+01 -0.1000000E+02 -0.6250000E+00
   592 -0.1666667E+01 -0.1000000E+02  0.0000000E+00
   593 -0.2333333E+01 -0.1000000E+02 -0.4375000E+01
   594 -0.2333333E+01 -0.1000000E+02 -0.3750000E+01
   595 -0.2333333E+01 -0.1000000E+02 -0.3125000E+01
   596 -0.2333333E+01 -0.1000000E+02 -0.2500000E+01
   597 -0.2333333E+01 -0.1000000E+02 -0.1875000E+01
   598 -0.2333333E+01 -0.1000000E+02 -0.1250000E+01
   599 -0.2333333E+01 -0.1000000E+02 -0.6250000E+00
   600 -0.2333333E+01 -0.1000000E+02  0.0000000E+00
   601 -0.3000000E+01 -0.1000000E+02 -0.4375000E+01
   602 -0.3000000E+01 -0.1000000E+02 -0.3750000E+01
   603 -0.3000000E+01 -0.1000000E+02 -0.3125000E+01
   604 -0.3000000E+01 -0.1000000E+02 -0.2500000E+01
   605 -0.3000000E+01 -0.1000000E+02 -0.1875000E+01
   606 -0.3000000E+01 -0.1000000E+02 -0.1250000E+01
   607 -0.3000000E+01 -0.1000000E+02 -0.6250000E+00
   608 -0.3000000E+01 -0.1000000E+02  0.0000000E+00
   609 -0.3666667E+01 -0.1000000E+02 -0.4375000E+01
   610 -0.3666667E+01 -0.1000000E+02 -0.3750000E+01
   611 -0.3666667E+01 -0.1000000E+02 -0.3125000E+01
   612 -0.3666667E+01 -0.1000000E+02 -0.2500000E+01
   613 -0.3666667E+01 -0.1000000E+02 -0.1875000E+01
   614 -0.3666667E+01 -0.1000000E+02 -0.1250000E+01
   615 -0.3666667E+01 -0.1000000E+02 -0.6250000E+00
   616 -0.3666667E+01 -0.1000000E+02  0.0000000E+00
   617 -0.4333333E+01 -0.1000000E+02 -0.4375000E+01
   618 -0.4333333E+01 -0.1000000E+02 -0.3750000E+01
   619 -0.4333333E+01 -0.1000000E+02 -0.3125000E+01
   620 -0.4333333E+01 -0.1000000E+02 -0.2500000E+01
   621 -0.4333333E+01 -0.1000000E+02 -0.1875000E+01
   622 -0.4333333E+01 -0.1000000E+02 -0.1250000E+01
   623 -0.4333333E+01 -0.1000000E+02 -0.6250000E+00
   624 -0.4333333E+01 -0.1000000E+02  0.0000000E+00
     0  0.0000000E+00  0.0000000E+00  0.0000000E+00
      1      2     11     10
      2      3     12     11
      3      4     13     12
      4      5     14     13
      5      6     15     14
      6      7     16     15
      7      8     17     16
      8      9     18     17
     10     11     20     19
     11     12     21     20
     12     13     22     21
     13     14     23     22
     14     15     24     23
     15     16     25     24
     16     17     26     25
     17     18     27     26
     19     20     29     28
     20     21     30     29
     21     22     31     30
     22     23     32     31
     23     24     33     32
     24     25     34     33
     25     26     35     34
     26     27     36     35
     28     29     38     37
     29     30     39     38
     30     31     40     39
     31     32     41     40
     32     33     42     41
     33     34     43     42
     34     35     44     43
     35     36     45     44
     37     38     47     46
     38     39     48     47
     39     40     49     48
     40     41     50     49
     41     42     51     50
     42     43     52     51
     43     44     53     52
     44     45     54     53
     46     47     56     55
     47     48     57     56
     48     49     58     57
     49     50     59     58
     50     51     60     59
     51     52     61     60
     52     53     62     61
     53     54     63     62
     55     56     65     64
     56     57     66     65
     57     58     67     66
     58     59     68     67
     59     60     69     68
     60     61     70     69
     61     62     71     70
     62     63     72     71
     64     65     74     73
     65     66     75     74
     66     67     76     75
     67     68     77     76
     68     69     78     77
     69     70     79     78
     70     71     80     79
     71     72     81     80
     73     74     83     82
     74     75     84     83
     75     76     85     84
     76     77     86     85
     77     78     87     86
     78     79     88     87
     79     80     89     88
     80     81     90     89
     82     83     92     91
     83     84     93     92
     84     85     94     93
     85     86     95     94
     86     87     96     95
     87     88     97     96
     88     89     98     97
     89     90     99     98
     91     92    101    100
     92     93    102    101
     93     94    103    102
     94     95    104    103
     95     96    105    104
     96     97    106    105
     97     98    107    106
     98     99    108    107
    100    101    110    109
    101    102    111    110
    102    103    112    111
    103    104    113    112
    104    105    114    113
    105    106    115    114
    106    107    116    115
    107    108    117    116
    109    110    119    118
    110    111    120    119
    111    112    121    120
    112    113    122    121
    113    114    123    122
    114    115    124    123
    115    116    125    124
    116    117    126    125
    118    119    128    127
    119    120    129    128
    120    121    130    129
    121    122    131    130
    122    123    132    131
    123    124    133    132
    124    125    134    133
    125    126    135    134
    127    128    137    136
    128    129    138    137
    129    130    139    138
    130    131    140    139
    131    132    141    140
    132    133    142    141
    133    134    143    142
    134    135    144    143
    136    145    160    127
    145    146    161    160
    146    147    162    161
    147    148    163    162
    148    149    164    163
    149    150    165    164
    150    151    166    165
    151    152    167    166
    152    153    168    167
    153    154    169    168
    154    155    170    169
    155    156    171    170
    156    157    172    171
    157    158    173    172
    158    159    174    173
    127    160    175    118
    160    161    176    175
    161    162    177    176
    162    163    178    177
    163    164    179    178
    164    165    180    179
    165    166    181    180
    166    167    182    181
    167    168    183    182
    168    169    184    183
    169    170    185    184
    170    171    186    185
    171    172    187    186
    172    173    188    187
    173    174    189    188
    118    175    190    109
    175    176    191    190
    176    177    192    191
    177    178    193    192
    178    179    194    193
    179    180    195    194
    180    181    196    195
    181    182    197    196
    182    183    198    197
    183    184    199    198
    184    185    200    199
    185    186    201    200
    186    187    202    201
    187    188    203    202
    188    189    204    203
    109    190    205    100
    190    191    206    205
    191    192    207    206
    192    193    208    207
    193    194    209    208
    194    195    210    209
    195    196    211    210
    196    197    212    211
    197    198    213    212
    198    199    214    213
    199    200    215    214
    200    201    216    215
    201    202    217    216
    202    203    218    217
    203    204    219    218
    100    205    220     91
    205    206    221    220
    206    207    222    221
    207    208    223    222
    208    209    224    223
    209    210    225    224
    210    211    226    225
    211    212    227    226
    212    213    228    227
    213    214    229    228
    214    215    230    229
    215    216    231    230
    216    217    232    231
    217    218    233    232
    218    219    234    233
     91    220    235     82
    220    221    236    235
    221    222    237    236
    222    223    238    237
    223    224    239    238
    224    225    240    239
    225    226    241    240
    226    227    242    241
    227    228    243    242
    228    229    244    243
    229    230    245    244
    230    231    246    245
    231    232    247    246
    232    233    248    247
    233    234    249    248
     82    235    250     73
    235    236    251    250
    236    237    252    251
    237    238    253    252
    238    239    254    253
    239    240    255    254
    240    241    256    255
    241    242    257    256
    242    243    258    257
    243    244    259    258
    244    245    260    259
    245    246    261    260
    246    247    262    261
    247    248    263    262
    248    249    264    263
     73    250    265     64
    250    251    266    265
    251    252    267    266
    252    253    268    267
    253    254    269    268
    254    255    270    269
    255    256    271    270
    256    257    272    271
    257    258    273    272
    258    259    274    273
    259    260    275    274
    260    261    276    275
    261    262    277    276
    262    263    278    277
    263    264    279    278
     64    265    280     55
    265    266    281    280
    266    267    282    281
    267    268    283    282
    268    269    284    283
    269    270    285    284
    270    271    286    285
    271    272    287    286
    272    273    288    287
    273    274    289    288
    274    275    290    289
    275    276    291    290
    276    277    292    291
    277    278    293    292
    278    279    294    293
     55    280    295     46
    280    281    296    295
    281    282    297    296
    282    283    298    297
    283    284    299    298
    284    285    300    299
    285    286    301    300
    286    287    302    301
    287    288    303    302
    288    289    304    303
    289    290    305    304
    290    291    306    305
    291    292    307    306
    292    293    308    307
    293    294    309    308
     46    295    310     37
    295    296    311    310
    296    297    312    311
    297    298    313    312
    298    299    314    313
    299    300    315    314
    300    301    316    315
    301    302    317    316
    302    303    318    317
    303    304    319    318
    304    305    320    319
    305    306    321    320
    306    307    322    321
    307    308    323    322
    308    309    324    323
     37    310    325     28
    310    311    326    325
    311    312    327    326
    312    313    328    327
    313    314    329    328
    314    315    330    329
    315    316    331    330
    316    317    332    331
    317    318    333    332
    318    319    334    333
    319    320    335    334
    320    321    336    335
    321    322    337    336
    322    323    338    337
    323    324    339    338
     28    325    340     19
    325    326    341    340
    326    327    342    341
    327    328    343    342
    328    329    344    343
    329    330    345    344
    330    331    346    345
    331    332    347    346
    332    333    348    347
    333    334    349    348
    334    335    350    349
    335    336    351    350
    336    337    352    351
    337    338    353    352
    338    339    354    353
     19    340    355     10
    340    341    356    355
    341    342    357    356
    342    343    358    357
    343    344    359    358
    344    345    360    359
    345    346    361    360
    346    347    362    361
    347    348    363    362
    348    349    364    363
    349    350    365    364
    350    351    366    365
    351    352    367    366
    352    353    368    367
    353    354    369    368
     10    355    370      1
    355    356    371    370
    356    357    372    371
    357    358    373    372
    358    359    374    373
    359    360    375    374
    360    361    376    375
    361    362    377    376
    362    363    378    377
    363    364    379    378
    364    365    380    379
    365    366    381    380
    366    367    382    381
    367    368    383    382
    368    369    384    383
    385    386    402    401
    386    387    403    402
    387    388    404    403
    388    389    405    404
    389    390    406    405
    390    391    407    406
    391    392    408    407
    392    393    409    408
    393    394    410    409
    394    395    411    410
    395    396    412    411
    396    397    413    412
    397    398    414    413
    398    399    415    414
    399    400    416    415
    401    402    418    417
    402    403    419    418
    403    404    420    419
    404    405    421    420
    405    406    422    421
    406    407    423    422
    407    408    424    423
    408    409    425    424
    409    410    426    425
    410    411    427    426
    411    412    428    427
    412    413    429    428
    413    414    430    429
    414    415    431    430
    415    416    432    431
    417    418    434    433
    418    419    435    434
    419    420    436    435
    420    421    437    436
    421    422    438    437
    422    423    439    438
    423    424    440    439
    424    425    441    440
    425    426    442    441
    426    427    443    442
    427    428    444    443
    428    429    445    444
    429    430    446    445
    430    431    447    446
    431    432    448    447
    433    434    450    449
    434    435    451    450
    435    436    452    451
    436    437    453    452
    437    438    454    453
    438    439    455    454
    439    440    456    455
    440    441    457    456
    441    442    458    457
    442    443    459    458
    443    444    460    459
    444    445    461    460
    445    446    462    461
    446    447    463    462
    447    448    464    463
    449    450    466    465
    450    451    467    466
    451    452    468    467
    452    453    469    468
    453    454    470    469
    454    455    471    470
    455    456    472    471
    456    457    473    472
    457    458    474    473
    458    459    475    474
    459    460    476    475
    460    461    477    476
    461    462    478    477
    462    463    479    478
    463    464    480    479
    465    466    482    481
    466    467    483    482
    467    468    484    483
    468    469    485    484
    469    470    486    485
    470    471    487    486
    471    472    488    487
    472    473    489    488
    473    474    490    489
    474    475    491    490
    475    476    492    491
    476    477    493    492
    477    478    494    493
    478    479    495    494
    479    480    496    495
    481    482    498    497
    482    483    499    498
    483    484    500    499
    484    485    501    500
    485    486    502    501
    486    487    503    502
    487    488    504    503
    488    489    505    504
    489    490    506    505
    490    491    507    506
    491    492    508    507
    492    493    509    508
    493    494    510    509
    494    495    511    510
    495    496    512    511
    497    498    174    159
    498    499    189    174
    499    500    204    189
    500    501    219    204
    501    502    234    219
    502    503    249    234
    503    504    264    249
    504    505    279    264
    505    506    294    279
    506    507    309    294
    507    508    324    309
    508    509    339    324
    509    510    354    339
    510    511    369    354
    511    512    384    369
    384    512    513    383
    512    496    514    513
    496    480    515    514
    480    464    516    515
    464    448    517    516
    448    432    518    517
    432    416    519    518
    416    400    520    519
    383    513    521    382
    513    514    522    521
    514    515    523    522
    515    516    524    523
    516    517    525    524
    517    518    526    525
    518    519    527    526
    519    520    528    527
    382    521    529    381
    521    522    530    529
    522    523    531    530
    523    524    532    531
    524    525    533    532
    525    526    534    533
    526    527    535    534
    527    528    536    535
    381    529    537    380
    529    530    538    537
    530    531    539    538
    531    532    540    539
    532    533    541    540
    533    534    542    541
    534    535    543    542
    535    536    544    543
    380    537    545    379
    537    538    546    545
    538    539    547    546
    539    540    548    547
    540    541    549    548
    541    542    550    549
    542    543    551    550
    543    544    552    551
    379    545    553    378
    545    546    554    553
    546    547    555    554
    547    548    556    555
    548    549    557    556
    549    550    558    557
    550    551    559    558
    551    552    560    559
    378    553    561    377
    553    554    562    561
    554    555    563    562
    555    556    564    563
    556    557    565    564
    557    558    566    565
    558    559    567    566
    559    560    568    567
    377    561    569    376
    561    562    570    569
    562    563    571    570
    563    564    572    571
    564    565    573    572
    565    566    574    573
    566    567    575    574
    567    568    576    575
    376    569    577    375
    569    570    578    577
    570    571    579    578
    571    572    580    579
    572    573    581    580
    573    574    582    581
    574    575    583    582
    575    576    584    583
    375    577    585    374
    577    578    586    585
    578    579    587    586
    579    580    588    587
    580    581    589    588
    581    582    590    589
    582    583    591    590
    583    584    592    591
    374    585    593    373
    585    586    594    593
    586    587    595    594
    587    588    596    595
    588    589    597    596
    589    590    598    597
    590    591    599    598
    591    592    600    599
    373    593    601    372
    593    594    602    601
    594    595    603    602
    595    596    604    603
    596    597    605    604
    597    598    606    605
    598    599    607    606
    599    600    608    607
    372    601    609    371
    601    602    610    609
    602    603    611    610
    603    604    612    611
    604    605    613    612
    605    606    614    613
    606    607    615    614
    607    608    616    615
    371    609    617    370
    609    610    618    617
    610    611    619    618
    611    612    620    619
    612    613    621    620
    613    614    622    621
    614    615    623    622
    615    616    624    623
    370    617      2      1
    617    618      3      2
    618    619      4      3
    619    620      5      4
    620    621      6      5
    621    622      7      6
    622    623      8      7
    623    624      9      8
      0      0      0      0
