Nb de frequency :    10
 0.3142
  0.354145E+06  0.102539E-01  0.719604E-01 -0.324341E+00  0.268349E+06  0.164933E+07
  0.756836E-02  0.193943E+06  0.910493E+05 -0.577988E+06  0.357666E-01 -0.123047E+00
  0.683594E-02  0.931253E+05  0.442991E+06 -0.216844E+07 -0.294189E-01 -0.603027E-01
  0.820312E-01 -0.580876E+06 -0.214941E+07  0.120820E+08  0.360352E+00  0.640625E+00
  0.269414E+06 -0.673828E-01 -0.219849E+00  0.112146E+01  0.158354E+07  0.118557E+07
  0.164308E+07  0.343018E-01  0.307373E+00 -0.139111E+01  0.117521E+07  0.942885E+07
 0.5120
  0.376615E+06 -0.102539E-01  0.217590E-01 -0.129761E+00  0.292654E+06  0.174872E+07
  0.683594E-02  0.200770E+06  0.872813E+05 -0.569779E+06  0.279541E-01  0.249023E-01
 -0.342407E-01  0.880597E+05  0.426599E+06 -0.208743E+07 -0.609131E-01  0.133301E+00
  0.107910E+00 -0.569218E+06 -0.207406E+07  0.117275E+08  0.472656E+00  0.619141E+00
  0.294066E+06 -0.913696E-01 -0.238892E+00  0.124146E+01  0.161040E+07  0.129430E+07
  0.174099E+07 -0.541992E-01  0.620117E-01 -0.392822E+00  0.128089E+07  0.987670E+07
 0.7098
  0.420056E+06  0.181274E-01  0.354004E-01 -0.176880E+00  0.338827E+06  0.194071E+07
  0.183105E-02  0.204586E+06  0.691838E+05 -0.496616E+06 -0.130615E-01  0.717773E-01
 -0.939941E-02  0.666138E+05  0.385172E+06 -0.187805E+07 -0.622559E-02 -0.659180E-01
 -0.620117E-01 -0.487339E+06 -0.187740E+07  0.107638E+08 -0.298828E+00 -0.416016E+00
  0.340892E+06  0.487671E-01  0.317383E-01 -0.310547E+00  0.166008E+07  0.150078E+07
  0.193007E+07  0.874023E-01  0.229736E+00 -0.937500E+00  0.148160E+07  0.107375E+08
 0.9076
  0.474661E+06  0.237427E-01  0.591431E-01 -0.333008E+00  0.393100E+06  0.218282E+07
 -0.195312E-02  0.202421E+06  0.402364E+05 -0.368907E+06  0.476074E-02  0.590820E-01
 -0.421143E-02  0.346831E+05  0.338057E+06 -0.163531E+07 -0.367432E-01  0.683594E-02
  0.137451E+00 -0.352707E+06 -0.164574E+07  0.959835E+07  0.497559E+00  0.130176E+01
  0.395990E+06 -0.164795E-01 -0.163086E+00  0.714844E+00  0.171460E+07  0.174445E+07
  0.217003E+07  0.183350E+00  0.156982E+00 -0.895996E+00  0.172011E+07  0.118408E+08
 1.1054
  0.477672E+06  0.634766E-02  0.158691E-02 -0.268555E-01  0.388463E+06  0.220049E+07
  0.549316E-03  0.192560E+06  0.136756E+05 -0.237674E+06  0.128174E-01  0.488281E-02
 -0.234985E-02  0.942913E+04  0.308902E+06 -0.148354E+07  0.240479E-01  0.778198E-02
 -0.854492E-02 -0.226566E+06 -0.149386E+07  0.879815E+07 -0.289551E+00  0.498047E-01
  0.390874E+06  0.161133E-01  0.430908E-01 -0.129395E+00  0.170078E+07  0.172534E+07
  0.219435E+07  0.883789E-01 -0.830078E-02  0.283203E-01  0.171145E+07  0.120290E+08
 1.3032
  0.364995E+06 -0.118408E-01 -0.133057E-01  0.457764E-01  0.268040E+06  0.171243E+07
 -0.228882E-03  0.168751E+06 -0.134667E+04 -0.133288E+06  0.488281E-02  0.341797E-01
 -0.270081E-02 -0.229996E+03  0.298735E+06 -0.143553E+07  0.876770E-01 -0.643311E-01
  0.850830E-01 -0.137617E+06 -0.143736E+07  0.845856E+07 -0.586670E+00  0.613525E+00
  0.267432E+06 -0.119629E-01  0.109253E+00 -0.473755E+00  0.157016E+07  0.118805E+07
  0.172438E+07  0.262451E-01 -0.408936E-01  0.252441E+00  0.120719E+07  0.100864E+08
 1.5010
  0.219804E+06  0.185413E-01  0.129013E-01 -0.867767E-01  0.124980E+06  0.108537E+07
 -0.146255E-01  0.128090E+06 -0.256781E+04 -0.713013E+05 -0.155888E-01  0.366211E-02
  0.171814E-01  0.209994E+04  0.300774E+06 -0.145290E+07 -0.128479E-01  0.583496E-01
 -0.537109E-01 -0.854178E+05 -0.144767E+07  0.845162E+07 -0.607910E-01 -0.462769E+00
  0.121008E+06 -0.100555E-01  0.139160E-01 -0.372314E-01  0.142683E+07  0.553217E+06
  0.110887E+07  0.106567E+00  0.843201E-01 -0.386230E+00  0.598835E+06  0.754407E+07
 1.6988
  0.124736E+06  0.299072E-02  0.135231E-01 -0.742188E-01  0.365185E+05  0.683653E+06
 -0.477600E-02  0.786454E+05  0.337324E+03 -0.335352E+05 -0.176086E-01  0.213623E-02
 -0.114746E-01  0.302125E+04  0.307271E+06 -0.148778E+07 -0.577393E-01 -0.488281E-01
  0.825195E-01 -0.408734E+05 -0.148059E+07  0.856765E+07  0.452637E+00  0.270264E+00
  0.311107E+05  0.161743E-02 -0.987549E-01  0.452209E+00  0.134438E+07  0.173377E+06
  0.701331E+06  0.346680E-01  0.195541E-01 -0.844727E-01  0.217943E+06  0.593989E+07
 1.8966
  0.763744E+05  0.735474E-02  0.298309E-02 -0.162354E-01 -0.718770E+04  0.478704E+06
  0.144577E-02  0.421761E+05  0.825591E+02 -0.894281E+04 -0.431061E-03  0.103760E-02
  0.793457E-03  0.558215E+03  0.309977E+06 -0.150844E+07 -0.312500E-01  0.169678E-01
 -0.351562E-01 -0.424660E+04 -0.149469E+07  0.864790E+07  0.144043E+00 -0.766602E-01
 -0.119029E+05 -0.231934E-01 -0.804443E-01  0.366272E+00  0.130672E+07 -0.281963E+04
  0.477604E+06  0.688477E-01  0.818634E-02 -0.556641E-01  0.164242E+05  0.511054E+07
 2.0944
  0.560960E+05 -0.387573E-02  0.859070E-02 -0.297241E-01 -0.267367E+05  0.366078E+06
  0.802231E-02  0.298847E+05  0.123377E+05 -0.392663E+05  0.139008E-01  0.552979E-01
 -0.756836E-02  0.747226E+04  0.319225E+06 -0.155166E+07 -0.714111E-02 -0.427246E-01
  0.115967E-01 -0.248042E+05 -0.154189E+07  0.885658E+07  0.488281E-02  0.556641E-01
 -0.292876E+05  0.506592E-02  0.854492E-02  0.177002E-02  0.129064E+07 -0.835904E+05
  0.344127E+06  0.727539E-01  0.362854E-01 -0.215820E+00 -0.103972E+06  0.440298E+07
